9.14465443138555E-08
6.845466522682539E-07
6.230343015842557E-08
3.650843804728835E-08
1.233133511463908E-07
5.6547351953599585E-08
1.2430904991499747E-08
1.2430904991499747E-08
7.583250536050508E-09
7.583250536050508E-09
7.347381552712098E-09
8.63893433362789E-09
8.094384375125114E-09
9.16730820196955E-09
8.71103570665115E-09
8.71103570665115E-09
8.609745357889407E-09
8.609745357889407E-09
7.834623007267385E-09
4.845281149654063E-09
6.999421031318318E-09
5.2807472176568525E-09
5.2807472176568525E-09
5.240291027366117E-09
5.067780702635533E-09
5.311022221614609E-09
5.2341863278932885E-09
4.980628217866611E-09
5.457900622984487E-09
5.246538586349E-09
4.645612878721948E-09
4.8458164093585116E-09
4.790318000046486E-09
4.646839319598019E-09
4.646839319598019E-09
4.647636152685246E-09
4.5540674695673195E-09
4.220933276376588E-09
8.40337773944193E-09
5.454668603763087E-09
3.2005013184644334E-09
7.400457756877036E-11
2.3982130362006564E-10
2.4531982229660846E-10
1.7253284224120284E-10
1.9209372738193694E-10
1.6020739979410397E-10
1.5453557531189153E-10
1.548912556594475E-10
1.7247457520652186E-10
1.7247457520652186E-10
1.415697618173409E-10
1.3835021567295715E-10
1.4357037982204363E-10
1.828639820378914E-10
1.828639820378914E-10
1.590900636458675E-10
1.5576814874206072E-10
1.576140978733741E-10
1.7997814158444561E-10
1.7997814158444561E-10
1.6552154597682402E-10
1.6147158981903388E-10
1.6100393101663617E-10
1.63399194369013E-10
1.746937960258577E-10
1.746937960258577E-10
9.288333000755781E-12
3.6060916021939326E-11
3.6026231122785584E-11
1.6646032243487524E-11
7.150234022408923E-11
2.7121960472121404E-10
4.364371827396458E-11
1.6751159411940127E-10
1.8939893894829403E-10
1.8090933632739716E-10
1.4666989558831476E-10
4.119562007061858E-11
1.71198569815267E-10
1.71198569815267E-10
1.610943025904034E-10
1.571148436178347E-10
1.5619963442352262E-10
1.5600096792972384E-10
1.583916586506202E-10
1.6597465358855766E-10
1.8121406397397778E-10
1.8121406397397778E-10
1.6261470601616123E-10
1.5407235330479654E-10
1.51390245776124E-10
1.5061272543390157E-10
1.5166877677171153E-10
1.580661068360393E-10
1.7310458572048006E-10
1.7310458572048006E-10
1.7310458572048006E-10
1.3499726365074022E-10
1.1551004822547697E-10
1.0797543986866803E-10
1.062072333228828E-10
1.0583380414368446E-10
1.1076652437813443E-10
1.2591220539217947E-10
1.558012261865209E-10
1.558012261865209E-10
1.558012261865209E-10
1.3891320640118491E-10
1.2897317049906945E-10
1.2400833739023146E-10
1.2214195179800763E-10
1.2158929007991418E-10
1.2154418693545351E-10
1.2349976865036296E-10
1.289869257810801E-10
1.3945887571969155E-10
1.5629438323787E-10
1.5629438323787E-10
1.5629438323787E-10
1.4632694692465225E-10
1.401823728672816E-10
1.3685940812556697E-10
1.353988021814124E-10
1.348817655973389E-10
1.345857752531163E-10
1.3507140220772754E-10
1.3714470734500702E-10
1.4157689162446807E-10
1.4910556664998664E-10
1.6043597756419734E-10
1.6043597756419734E-10
1.6043597756419734E-10
5.402702726084485E-10
8.339190003763367E-10
9.092808739731995E-10
8.746124921238608E-10
7.929723941381087E-10
7.012493744970412E-10
6.199657282891817E-10
5.418331188787924E-10
4.551025824690684E-10
3.528752106764792E-10
2.313624632794503E-10
8.87758300269907E-11
7.539146418416623E-11
7.539146418416623E-11
7.539146418416623E-11
5.575134999755095E-11
4.1374063665816365E-11
3.134692970937709E-11
2.4810332568716305E-11
2.095509982214761E-11
1.902001275909794E-11
1.828943789419071E-11
1.8091073348082628E-11
1.806482955951416E-11
1.8733778336293237E-11
2.065260772462187E-11
2.4340652280990945E-11
3.028365279640262E-11
3.8935431450993574E-11
5.071948656795468E-11
6.603051092004544E-11
6.603051092004544E-11
6.603051092004544E-11
6.603051092004544E-11
6.448751020973495E-11
6.330770821280359E-11
6.243741896188515E-11
6.182448721772934E-11
6.141824742405485E-11
6.116948385519497E-11
6.103039191803254E-11
6.095454057103535E-11
6.089720962571536E-11
6.086568721845782E-11
6.090249827361603E-11
6.104893401509027E-11
6.134508447434237E-11
6.18298700780762E-11
6.254107234446897E-11
6.351536371582844E-11
6.478833655456316E-11
6.63945313284611E-11
6.63945313284611E-11
6.63945313284611E-11
6.63945313284611E-11
6.128892030985246E-11
5.7142444957222806E-11
5.38435974268372E-11
5.1284415025181005E-11
4.9360381433801914E-11
4.7970330768137585E-11
4.701635438258221E-11
4.6403710337131196E-11
4.604073544369151E-11
4.5838759812969276E-11
4.57120238254677E-11
4.560698205100532E-11
4.55907491315719E-11
4.574082399477622E-11
4.613210464734017E-11
4.683696014417903E-11
4.792530054170794E-11
4.94646448958108E-11
5.1520187362949345E-11
5.415486146094618E-11
5.7429402544188444E-11
6.140240854619776E-11
6.613039904080543E-11
6.613039904080543E-11
6.613039904080543E-11
6.613039904080543E-11
6.314773141741633E-11
6.061417713596087E-11
5.848846356224988E-11
5.673037787323659E-11
5.5300742270511125E-11
5.416138980811539E-11
5.3275140818031576E-11
5.260577991703138E-11
5.2118033579172955E-11
5.177754825867527E-11
5.1550869048330105E-11
5.140541885907648E-11
5.130947810679957E-11
5.123216489279308E-11
5.116699446433906E-11
5.1142870688779886E-11
5.118827554423473E-11
5.133092792580626E-11
5.1597801186309785E-11
5.2015140256608394E-11
5.260847835658728E-11
5.3402653307437654E-11
5.442182345561754E-11
5.568948321858678E-11
5.7228478262101644E-11
5.906102031856817E-11
6.120870165573603E-11
6.369250920463776E-11
6.369250920463776E-11
6.369250920463776E-11
6.369250920463776E-11
6.369250920463776E-11
6.369250920463776E-11
6.127567015233621E-11
5.916050472032011E-11
5.732411076128111E-11
5.574410720665298E-11
5.439862321039894E-11
5.3266287533039E-11
5.23262181600255E-11
5.155801214880088E-11
5.0941735698997054E-11
5.0457914440373475E-11
5.008752393325279E-11
4.981198037635371E-11
4.961313151703317E-11
4.947324775911903E-11
4.937501346360287E-11
4.930151843761633E-11
4.923624966868726E-11
4.917913785764807E-11
4.914592542359732E-11
4.915198159064892E-11
4.921231002225757E-11
4.934155629237462E-11
4.9554015197248375E-11
4.9863637911581426E-11
5.0284038992668884E-11
5.0828503236039034E-11
5.1509992386030206E-11
5.2341151704668575E-11
5.333431640208421E-11
5.450151793166784E-11
5.5854490153057546E-11
5.74046753659829E-11
5.916323021789907E-11
6.114103148830758E-11
6.33486817525352E-11
6.33486817525352E-11
6.33486817525352E-11
6.33486817525352E-11
6.33486817525352E-11
6.33486817525352E-11
6.33486817525352E-11
4.432923099334616E-11
2.7472329251835112E-11
1.2615011196829252E-11
3.981100755384835E-13
1.1715170201442717E-11
2.1477366202664276E-11
2.9819255316274804E-11
3.686904064917158E-11
4.2748844272854565E-11
4.75749683434431E-11
5.14581448024401E-11
5.450377418636765E-11
5.6812154046985395E-11
5.847869745937022E-11
5.959414207144133E-11
6.024475012640529E-11
6.051249986861969E-11
6.047526872331222E-11
6.020700862178086E-11
5.97779138257564E-11
5.92545815876203E-11
5.870016596705065E-11
5.8131312746331106E-11
5.7492216003523867E-11
5.672891086965061E-11
5.579032941383434E-11
5.462817656691949E-11
5.319681126609704E-11
5.1453132591726474E-11
4.9356470678265655E-11
4.68684821913831E-11
4.39530501727877E-11
4.0576188063628303E-11
3.6705947725867823E-11
3.231233128939027E-11
2.7367206660411192E-11
2.1844226534231354E-11
1.571875076253379E-11
8.967771932169825E-12
1.5698440188017521E-12
6.494986015034878E-12
1.524524380216502E-11
2.469809045224558E-11
3.486938284642854E-11
4.577373145371744E-11
5.7424555773096364E-11
5.7424555773096364E-11
5.7424555773096364E-11
5.7424555773096364E-11
5.7424555773096364E-11
5.7424555773096364E-11
5.7424555773096364E-11
5.7424555773096364E-11
5.7424555773096364E-11
4.173573133826421E-11
2.7462961568692098E-11
1.4518665443995408E-11
2.8190542676831644E-12
7.716025548764596E-12
1.716324290965847E-11
2.559592598063102E-11
3.308419995472387E-11
3.9695118922522686E-11
4.54927921162274E-11
5.053850478379255E-11
5.489083393703967E-11
5.86057592055572E-11
6.173676901693049E-11
6.4334962313166E-11
6.644914600299695E-11
6.812592834021656E-11
6.940980840898105E-11
7.034326188845651E-11
7.096682326093904E-11
7.131916461981301E-11
7.143717122635902E-11
7.135601395737121E-11
7.110921877891354E-11
7.072873337523716E-11
7.024499105588477E-11
6.968697205825768E-11
6.908226235758833E-11
6.845711009105687E-11
6.783376330495694E-11
6.719903906922997E-11
6.653008265220319E-11
6.580518016414838E-11
6.500371244187524E-11
6.410611077904611E-11
6.309381442489752E-11
6.194922977743304E-11
6.065569120053929E-11
5.919742339752579E-11
5.755950527660985E-11
5.572783524674868E-11
5.368909788484039E-11
5.143073191800186E-11
4.894089946701212E-11
4.620845649936227E-11
4.3222924442683135E-11
3.997446291130381E-11
3.645384350084204E-11
3.265242460764855E-11
2.8562127231727834E-11
2.4175411723577693E-11
1.948525543704772E-11
1.448513125195566E-11
9.168986931685652E-12
3.5312252824655904E-12
2.43331491744426E-12
8.729377249331818E-12
1.5361305275554053E-11
2.2333059479123183E-11
2.964823354810348E-11
3.7310070030721746E-11
4.532147538580189E-11
4.532147538580189E-11
4.532147538580189E-11
4.532147538580189E-11
4.532147538580189E-11
4.532147538580189E-11
4.532147538580189E-11
4.532147538580189E-11
4.532147538580189E-11
4.532147538580189E-11
4.532147538580189E-11
4.532147538580189E-11
4.532147538580189E-11
4.4919461293504294E-11
4.453795112067736E-11
4.417629796415946E-11
4.383386311919683E-11
4.351001597654497E-11
4.320413392099655E-11
4.2915602231312353E-11
4.2643813981532274E-11
4.2388169943645134E-11
4.2148078491596204E-11
4.192295550661524E-11
4.1712224283838964E-11
4.1515315440212364E-11
4.133166682364762E-11
4.1160723423422725E-11
4.1001937281797875E-11
4.0854767406834747E-11
4.071867968639828E-11
4.05931468033235E-11
4.047764815172813E-11
4.037166975445845E-11
4.027470418164477E-11
4.018625047035443E-11
4.010581404532449E-11
4.00329066407577E-11
3.996704622316581E-11
3.9907756915244236E-11
3.985456892076376E-11
3.980701845046306E-11
3.976464764892786E-11
3.972700452244116E-11
3.969364286779071E-11
3.9664122202020295E-11
3.963800769310906E-11
3.961487009156662E-11
3.959428566293055E-11
3.957583612115141E-11
3.9559108562854284E-11
3.95436954024626E-11
3.952919430817208E-11
3.951520813876227E-11
3.950136087186219E-11
3.948779221111277E-11
3.94748840867031E-11
3.9463013482865487E-11
3.945255249705467E-11
3.944386839835992E-11
3.9437323685160895E-11
3.943327614203844E-11
3.9432078895950435E-11
3.943408047168361E-11
3.94396248465925E-11
3.944905150463367E-11
3.9462695489707896E-11
3.9480887458318014E-11
3.95039537315534E-11
3.953221634641083E-11
3.9565993106458706E-11
3.9605597631859066E-11
3.965133940874968E-11
3.970352383800178E-11
3.9762452283358073E-11
3.982842211896045E-11
3.9901726776278374E-11
3.9982655790442266E-11
4.007149484599489E-11
4.016852582206412E-11
4.027402683696907E-11
4.03882722922664E-11
4.0511532916242067E-11
4.064407580686061E-11
4.0786164474176205E-11
4.0938058882213546E-11
4.1100015490327536E-11
4.1272287294046253E-11
4.1455123865407137E-11
4.164877139279231E-11
4.185347272026707E-11
4.2069467386435265E-11
4.229699166281025E-11
4.253627859171389E-11
4.2787558023705866E-11
4.305105665455409E-11
4.332699806174906E-11
4.361560274056909E-11
4.391708813970299E-11
4.423166869643688E-11
4.4559555871408196E-11
4.490095818293801E-11
4.5256081240941085E-11
4.5256081240941085E-11
4.5256081240941085E-11
4.5256081240941085E-11
4.5256081240941085E-11
4.5256081240941085E-11
4.5256081240941085E-11
4.5256081240941085E-11
4.5256081240941085E-11
4.5256081240941085E-11
4.5256081240941085E-11
4.5256081240941085E-11
4.5256081240941085E-11
4.5256081240941085E-11
4.5256081240941085E-11
4.5256081240941085E-11
4.5256081240941085E-11
4.5256081240941085E-11
4.5256081240941085E-11
4.468173007778367E-11
4.412740662064833E-11
4.3592666177075306E-11
4.307706884890021E-11
4.2580179481939914E-11
4.210156761626089E-11
4.164080743700996E-11
4.119747772580523E-11
4.0771161812684185E-11
4.036144752859748E-11
3.996792715844137E-11
3.959019739462168E-11
3.9227859291148184E-11
3.888051821824266E-11
3.854778381746626E-11
3.822926995734737E-11
3.792459468951367E-11
3.763338020531585E-11
3.7355252792939936E-11
3.7089842795001933E-11
3.6836784566614626E-11
3.65957164339287E-11
3.6366280653133415E-11
3.614812336991834E-11
3.59408945793848E-11
3.5744248086406984E-11
3.555784146643057E-11
3.5381336026710005E-11
3.5214396767974926E-11
3.5056692346521083E-11
3.490789503672235E-11
3.476768069395661E-11
3.463572871794002E-11
3.451172201646834E-11
3.4395346969555845E-11
3.42862933939684E-11
3.418425450814867E-11
3.40889268975245E-11
3.400001048019864E-11
3.391720847301323E-11
3.384022735798641E-11
3.376877684911549E-11
3.3702569859542445E-11
3.3641322469076134E-11
3.358475389206997E-11
3.353258644564755E-11
3.348454551827338E-11
3.344035953866554E-11
3.339975994504388E-11
3.336248115471207E-11
3.332826053396783E-11
3.3296838368338254E-11
3.326795783313631E-11
3.324136496433412E-11
3.321680862974972E-11
3.3194040500543904E-11
3.3172815023022294E-11
3.315288939074055E-11
3.313402351690772E-11
3.3115980007085193E-11
3.3098524132177143E-11
3.308142380170946E-11
3.306444954085453E-11
3.3047602228169794E-11
3.3031106168966064E-11
3.30151831340358E-11
3.3000052384982924E-11
3.298593069928388E-11
3.297303239508354E-11
3.296156935572866E-11
3.295175105404203E-11
3.2943784576340513E-11
3.293787464619963E-11
3.293422364796822E-11
3.293303165003545E-11
3.2934496427852846E-11
3.2938813486715875E-11
3.294617608430525E-11
3.295677525299273E-11
3.2970799821913565E-11
3.298843643880818E-11
3.300986959163562E-11
3.303528162996111E-11
3.30648527861217E-11
3.309876119617129E-11
3.3137182920607305E-11
3.318029196488247E-11
3.3228260299703635E-11
3.3281257881120365E-11
3.3339452670405554E-11
3.340301065373017E-11
3.3472095861634206E-11
3.3546870388298134E-11
3.3627494410613185E-11
3.371412620705777E-11
3.3806922176377684E-11
3.3906036856076146E-11
3.401162294071155E-11
3.412383130000878E-11
3.424281099678576E-11
3.4368709304694135E-11
3.450167172578067E-11
3.464184200786862E-11
3.478936216175945E-11
3.494437247826297E-11
3.510701154505135E-11
3.527741626334067E-11
3.545572186440622E-11
3.5642061925926254E-11
3.583656838816365E-11
3.603937156997919E-11
3.6250600184686833E-11
3.6470381355744866E-11
3.669884063229044E-11
3.6936102004518276E-11
3.71822879189006E-11
3.743751929325623E-11
3.770191553166835E-11
3.7975594539250167E-11
3.82586727367631E-11
3.855126507508836E-11
3.8853485049552994E-11
3.9165444714111394E-11
3.948725469538726E-11
3.981902420657161E-11
4.016086106118515E-11
4.051287168669971E-11
4.0875161138028795E-11
4.124783311087693E-11
4.1630989954961074E-11
4.2024732687099546E-11
4.242916100416834E-11
4.284437329593126E-11
4.327046665774306E-11
4.370753690312437E-11
4.415567857621093E-11
4.461498496408465E-11
4.508554810897932E-11
4.5567458820364144E-11
4.6060806686910646E-11
4.6060806686910646E-11
4.6060806686910646E-11
4.6060806686910646E-11
4.6060806686910646E-11
4.6060806686910646E-11
4.6060806686910646E-11
4.6060806686910646E-11
4.6060806686910646E-11
4.6060806686910646E-11
4.6060806686910646E-11
4.6060806686910646E-11
4.6060806686910646E-11
4.6060806686910646E-11
4.6060806686910646E-11
4.6060806686910646E-11
4.6060806686910646E-11
4.6060806686910646E-11
4.6060806686910646E-11
4.6060806686910646E-11
4.6060806686910646E-11
4.6060806686910646E-11
4.6060806686910646E-11
4.6060806686910646E-11
4.6060806686910646E-11
4.6060806686910646E-11
4.6060806686910646E-11
4.6060806686910646E-11
4.6060806686910646E-11
4.6060806686910646E-11
4.6060806686910646E-11
4.389748767666636E-11
4.178646257803121E-11
3.972685020667914E-11
3.7717779936480844E-11
3.575839158012306E-11
3.384783527111733E-11
3.1985271347178645E-11
3.016987023494818E-11
2.8400812336062332E-11
2.667728791452898E-11
2.4998496985408562E-11
2.336364920478737E-11
2.1771963761016134E-11
2.02226692672029E-11
1.8715003654947688E-11
1.7248214069306137E-11
1.5821556764953925E-11
1.443429700355331E-11
1.3085708952301906E-11
1.1775075583638543E-11
1.0501688576110592E-11
9.264848216375747E-12
8.06386330232598E-12
6.898051047327862E-12
5.7667369855597126E-12
4.669254878424397E-12
3.6049466220456045E-12
2.573162155813659E-12
1.5732593719786046E-12
6.046040262818581E-13
3.334303504020295E-13
1.2414625394042385E-12
2.1201037206132834E-12
2.9699575578390475E-12
3.791620283200333E-12
4.585680780559124E-12
5.352720668000686E-12
6.0933143793776116E-12
6.808029244924557E-12
7.497425570963505E-12
8.16205671869498E-12
8.80246918210439E-12
9.419202664979242E-12
1.0012790157056493E-11
1.0583758009303268E-11
1.113262600835443E-11
1.1659907450096447E-11
