923.3109099360107
937.7860946190299
934.6325226032392
930.199292572139
992.7449864229918
933.3987570687696
922.7207243185998
923.140111334845
1531.1301303779949
956.6656436177276
939.8616676462859
934.3478399139245
1323.5676730430216
938.4064435161583
938.5179448126187
914.8188165784253
929.1304925886113
984.9838743068307
915.1749817345051
943.6860487395116
970.6034236708656
1005.4213144717545
916.826195901692
972.76800726994
864.2879393217777
970.8333393944463
949.3835166902348
941.0980010451489
930.0189956387309
939.5518989178299
940.7566908483047
950.6144491422656
932.8254400872363
924.0868977568177
971.8816972810703
931.5623288984939
960.6393763255458
959.224876656393
941.0103683646597
956.2340975169775
1006.9297321988174
929.9680300361345
944.1624040764902
956.012308139757
923.072356594287
958.769548431985
937.8489856694644
929.9263936494928
915.0522606431862
957.3644264305314
942.053305278187
960.5713187047737
976.5836536814613
923.6324139069593
942.6806553946398
926.5437761496685
2293.0273770552367
959.3068463476394
958.2693584066018
946.8614768669403
950.073177481634
928.2038872816127
925.4121602114182
944.5284819287989
911.7101634394049
931.6872390578909
857.0315064292557
935.412222024288
942.1256355277434
948.0083731284931
921.9904865438085
924.9657764658331
1146.1907091216942
936.067862506084
936.2338425559254
950.3216647337725
948.9191615587631
933.9931025551874
964.1827359228159
939.0716607097626
963.867171988811
941.4959319754001
937.7792113927301
943.2988991658622
942.1210954589592
955.0653231911725
942.7165074778817
936.4073061938707
953.0939454541306
929.35811650781
920.3944476090951
930.7361377324582
965.1218070879258
911.5662587050396
944.1447006313213
948.630466159891
949.7485630632635
945.405581823012
939.5554352024261
937.9621182837083
1029.956298984173
944.2670873937723
941.2517076051797
937.4848525249135
932.1467295739908
938.1860405354289
940.724781060585
933.531367855112
932.2109220678611
944.1685555903464
922.2677330556387
948.5093516752733
970.7986198941074
949.6331246874557
963.3612997418799
978.0026230230699
976.9783809037957
957.1935307051642
923.0538665109199
933.8314349090118
927.1250858586243
933.1968500317283
962.4724874719213
937.7041828743536
949.172881492405
952.2501058014616
934.7247814660062
953.507510726549
872.6943184914816
941.9748738295696
951.5305942664407
935.9241518251272
966.8316290679312
936.9929598945193
930.1029074818601
926.8896185680533
1045.1660605326192
929.6689369355857
932.2709309981014
936.4164206837258
947.3557690350237
937.0323842200225
936.442792487939
939.6847947605552
1233.6723632985622
954.0040386712985
931.566876435516
944.3829305572323
946.4227735389574
937.3804250103551
921.0334540341169
946.7878695893857
945.5175089155166
943.4169272192023
946.1091888375811
956.015641526036
997.7071503988996
940.1553780105922
932.2618813781404
972.3755872113379
945.7552270257695
950.7268115553247
959.9556777401559
961.4312408639045
924.4640782304671
945.0567229223714
955.748230432086
952.346415272803
932.671424675809
942.2343826550294
907.6530518076007
937.4265454327735
932.6463919145014
940.8920213130432
942.6201449213833
946.8695745545074
936.0295591344732
945.2633947723082
936.55497230138
941.7644479090745
950.4824191292249
972.4462018590215
941.5268311523015
939.7500435323034
941.9899214268427
948.3371257360739
938.5747904282911
947.1038173078095
976.7121119337206
955.5259997588552
943.6842664252028
945.2492362423592
906.5976060123816
940.5803824146815
944.2773348803834
937.1492669233281
935.7989448644738
938.393706652742
947.3834653395013
946.0867385508059
945.851512721964
953.546134218167
924.8305700566575
942.5293713371614
949.0453665381333
935.9935213627373
942.9663547508584
946.9613665480209
943.9907986499209
945.7627852849348
944.2780311296119
934.0814549633347
932.1084193387187
933.0348007665209
928.2845435248475
940.7773698145822
958.4541455843108
947.5680354384453
942.4077528085008
946.2646608927525
936.710987704584
937.7142016245807
943.8845912364367
944.870318427487
972.0936081484111
919.482119908834
948.8162318276043
940.0982357394226
944.0204211267918
936.643277593427
945.2059618407244
951.0926005162111
2226.618252409335
953.0519361389568
956.5920381671845
946.1341052483513
935.5638303920443
932.6918706324685
950.0822564644623
953.8325422875661
923.7531033558628
947.9797038125905
939.0140890533771
952.3223690270436
935.1701177405661
944.4386516438752
939.4649984137448
977.9958930697445
997.2153521349939
947.5041759899738
934.7827102493047
941.8038082478926
901.0547321369145
942.5881423402383
941.5792975098245
937.1000662073917
957.4733091092098
948.033393799939
941.8738222626129
939.0447784692585
936.3580305795223
942.8085624695731
931.139617904122
937.8551259881177
959.6209717811237
933.8438342732961
943.4594084556458
944.6545108996615
935.4771342177138
932.154627818995
938.02727413345
924.9791315002996
948.7279928051416
944.8478880788606
927.532541061652
931.1156049168111
949.0593866292475
935.7499805274773
935.2237509417482
942.6096214620187
949.8070891510423
960.3493222452835
945.2081933641307
942.7739955611961
938.8901612174849
940.4483349608458
943.1174061466913
948.4167992043112
936.7113838513013
956.7273899331097
940.3698599998792
929.6746634806672
941.9060954759353
946.6284581548497
937.3238675604701
940.7207463706184
951.9155588503545
938.8610184771667
937.3988413731546
946.0845133186541
943.494961342486
929.5812559348445
933.9321652899702
950.5243509488191
954.1308387672875
940.5833677647939
918.2805534252419
941.3518328815624
943.9117819820233
955.2268948367025
941.5714045131931
940.6990828552356
941.5781783640169
946.7701506439186
945.8694920303108
947.5915088157682
945.6102022497503
943.6778459194198
936.8982923305905
918.8333351121533
995.5809730887618
932.3041409423917
939.8319053648933
941.0709232878421
942.254396463415
938.277983018216
935.5707913106625
937.734862548811
975.6991603013489
941.7216951244728
948.4020695725437
949.9029966969889
946.4928139271532
948.0037465898258
932.7828884402358
940.8496458641007
939.3370506366839
930.4540533231159
951.7501484935933
935.8193764206568
925.8721064769045
947.8107903744846
939.7479024315018
933.3647701802797
957.8409354728159
935.4108766474666
952.0895547706006
931.5265063201202
964.3895139607179
930.6219249642388
917.0082377102594
957.9504430543212
959.3416203915572
945.73079011328
950.8676600927613
942.3124290310128
950.6778478323433
938.3957836028219
933.9198853633234
944.8129867583142
926.7599015387449
951.0739448131851
937.7469670003477
944.4096265199861
959.5578341568438
939.8160884296612
933.1146676365139
945.024559349918
951.0491128433841
943.1548931648783
951.6552116949372
946.0557534416424
936.5309431361177
938.2074828656916
947.3887569684318
952.3978996571193
932.77388776036
949.094220937485
934.9469584135926
944.1612268039056
955.7209217902594
