3.8212944361953E-05
5.8684164555856404E-05
3.0024456284391658E-05
2.320071621975719E-05
1.7741724168049614E-05
3.5483448336099215E-05
8.597912481439425E-05
2.5930212245610976E-05
3.411870032317233E-05
2.8659708271464764E-05
2.5930212245610976E-05
3.275395231024543E-05
4.367193641366058E-05
3.6848196349026106E-05
1.0917984103415146E-05
2.729496025853787E-05
3.684819634902611E-05
2.4565464232684083E-05
3.1389204297318544E-05
2.7294960258537863E-05
3.548344833609921E-05
3.0024456284391658E-05
3.4118700323172325E-05
3.6848196349026106E-05
3.8212944361952996E-05
3.6848196349026106E-05
3.138920429731855E-05
5.8684164555856404E-05
6.960214865927155E-05
3.684819634902612E-05
2.8659708271464764E-05
9.553236090488252E-06
2.7294960258537867E-05
2.865970827146476E-05
3.548344833609922E-05
2.8659708271464764E-05
2.729496025853787E-05
4.367193641366057E-05
0.00010645034500829766
7.096689667219843E-05
3.8212944361953016E-05
3.8212944361952996E-05
3.0024456284391658E-05
1.5012228142195827E-05
2.7294960258537867E-05
2.5930212245610976E-05
3.0024456284391658E-05
3.684819634902611E-05
3.275395231024544E-05
3.275395231024544E-05
3.8212944361952996E-05
4.640143243951436E-05
6.004891256878329E-05
3.411870032317232E-05
3.411870032317232E-05
3.2753952310245435E-05
3.1389204297318544E-05
3.0024456284391658E-05
3.957769237487989E-05
3.138920429731855E-05
3.0024456284391654E-05
3.2753952310245435E-05
3.9577692374879886E-05
3.5483448336099215E-05
4.2307188400733674E-05
3.548344833609922E-05
2.1835968206830295E-05
3.0024456284391654E-05
2.320071621975719E-05
5.049567647829505E-05
5.731941654292948E-05
0.00010781509302122451
7.642588872390599E-05
3.1389204297318544E-05
3.548344833609922E-05
3.684819634902612E-05
3.548344833609922E-05
3.548344833609922E-05
2.729496025853787E-05
3.0024456284391658E-05
2.5930212245610976E-05
3.138920429731855E-05
3.1389204297318544E-05
3.0024456284391654E-05
3.8212944361953E-05
3.821294436195301E-05
3.8212944361952996E-05
3.95776923748799E-05
1.228273211634204E-05
3.4118700323172325E-05
2.729496025853787E-05
2.8659708271464764E-05
2.865970827146476E-05
4.09424403878068E-05
3.95776923748799E-05
6.414315660756398E-05
6.550790462049087E-05
6.960214865927155E-05
2.04712201939034E-05
6.414315660756398E-05
4.9130928465368145E-05
3.5483448336099215E-05
3.548344833609922E-05
4.640143243951435E-05
3.5483448336099215E-05
3.4118700323172325E-05
2.8659708271464764E-05
3.548344833609922E-05
3.138920429731855E-05
2.0471220193903402E-05
3.4118700323172325E-05
2.1835968206830295E-05
2.8659708271464764E-05
3.6848196349026106E-05
2.5930212245610976E-05
3.5483448336099215E-05
3.4118700323172325E-05
2.729496025853787E-05
3.4118700323172325E-05
3.138920429731855E-05
3.684819634902612E-05
4.6401432439514365E-05
2.5930212245610973E-05
3.411870032317233E-05
2.4565464232684083E-05
3.138920429731855E-05
3.0024456284391654E-05
3.0024456284391654E-05
3.411870032317233E-05
3.0024456284391658E-05
3.411870032317233E-05
3.4118700323172325E-05
3.6848196349026106E-05
3.68481963490261E-05
7.233164468512532E-05
6.550790462049086E-05
9.28028648790287E-05
9.280286487902872E-05
6.687265263341776E-05
6.0048912568783295E-05
5.458992051707573E-05
4.9130928465368145E-05
5.049567647829504E-05
4.094244038780679E-05
4.503668442658747E-05
4.367193641366056E-05
3.5483448336099215E-05
3.9577692374879886E-05
2.729496025853787E-05
2.8659708271464764E-05
2.8659708271464764E-05
3.275395231024544E-05
3.548344833609922E-05
3.6848196349026106E-05
3.8212944361952996E-05
3.2753952310245435E-05
3.4118700323172325E-05
2.8659708271464764E-05
3.8212944361953016E-05
4.367193641366057E-05
4.230718840073368E-05
2.7294960258537867E-05
3.5483448336099215E-05
4.230718840073368E-05
4.7766180452441255E-05
3.684819634902611E-05
3.8212944361952996E-05
3.4118700323172325E-05
3.684819634902611E-05
3.2753952310245435E-05
3.0024456284391658E-05
3.8212944361953016E-05
3.275395231024544E-05
3.0024456284391654E-05
3.138920429731855E-05
3.0024456284391654E-05
4.913092846536812E-05
1.637697615512272E-05
3.0024456284391658E-05
2.8659708271464764E-05
3.0024456284391654E-05
2.8659708271464764E-05
3.0024456284391658E-05
2.5930212245610976E-05
3.5483448336099215E-05
2.729496025853787E-05
3.411870032317233E-05
3.9577692374879886E-05
2.729496025853787E-05
3.821294436195301E-05
4.3671936413660564E-05
3.548344833609923E-05
4.09424403878068E-05
3.2753952310245435E-05
3.684819634902612E-05
5.458992051707571E-05
4.094244038780679E-05
5.868416455585638E-05
5.7319416542929494E-05
5.186042449122194E-05
7.6425888723906E-05
3.548344833609922E-05
0.0001009913529565901
2.456546423268408E-05
7.369639269805221E-05
5.731941654292951E-05
4.0942440387806776E-05
6.141366058171019E-05
4.5036684426587474E-05
5.049567647829505E-05
3.821294436195301E-05
3.8212944361952996E-05
5.186042449122191E-05
3.5483448336099215E-05
4.6401432439514344E-05
4.367193641366057E-05
4.230718840073367E-05
3.4118700323172325E-05
4.6401432439514344E-05
2.865970827146476E-05
3.0024456284391658E-05
3.138920429731855E-05
4.2307188400733674E-05
2.8659708271464764E-05
2.729496025853787E-05
2.729496025853787E-05
3.684819634902611E-05
3.411870032317233E-05
2.729496025853787E-05
3.8212944361952996E-05
3.275395231024544E-05
3.411870032317233E-05
3.4118700323172325E-05
3.2753952310245435E-05
3.4118700323172325E-05
5.322517250414882E-05
1.5012228142195827E-05
3.138920429731855E-05
3.684819634902611E-05
3.0024456284391658E-05
3.548344833609923E-05
3.6848196349026106E-05
3.138920429731855E-05
3.411870032317233E-05
2.729496025853787E-05
3.5483448336099215E-05
3.5483448336099215E-05
2.8659708271464764E-05
3.2753952310245435E-05
3.548344833609922E-05
4.0942440387806776E-05
4.0942440387806776E-05
3.6848196349026106E-05
3.8212944361952996E-05
2.4565464232684083E-05
3.5483448336099215E-05
3.1389204297318544E-05
3.2753952310245435E-05
3.8212944361952996E-05
2.729496025853787E-05
2.7294960258537867E-05
3.8212944361952996E-05
3.957769237487989E-05
3.2753952310245435E-05
3.411870032317233E-05
2.1835968206830295E-05
3.6848196349026126E-05
4.094244038780679E-05
4.094244038780678E-05
3.4118700323172325E-05
3.138920429731855E-05
3.0024456284391658E-05
3.138920429731855E-05
3.275395231024544E-05
3.6848196349026106E-05
3.275395231024544E-05
2.8659708271464764E-05
4.7766180452441235E-05
2.729496025853787E-05
2.5930212245610976E-05
4.094244038780679E-05
3.548344833609922E-05
2.4565464232684083E-05
3.0024456284391658E-05
3.138920429731855E-05
2.5930212245610976E-05
3.411870032317233E-05
2.8659708271464764E-05
2.729496025853787E-05
3.138920429731855E-05
2.8659708271464764E-05
3.138920429731855E-05
3.275395231024544E-05
3.2753952310245435E-05
3.1389204297318544E-05
3.5483448336099215E-05
3.411870032317233E-05
3.275395231024544E-05
3.0024456284391654E-05
3.6848196349026126E-05
3.275395231024544E-05
3.6848196349026106E-05
4.776618045244124E-05
3.4118700323172325E-05
3.2753952310245435E-05
4.230718840073367E-05
3.957769237487989E-05
5.1860424491221926E-05
3.1389204297318544E-05
3.411870032317233E-05
3.4118700323172325E-05
4.2307188400733674E-05
4.367193641366057E-05
3.2753952310245435E-05
4.913092846536814E-05
4.913092846536814E-05
6.004891256878328E-05
3.684819634902611E-05
5.049567647829503E-05
4.0942440387806776E-05
3.957769237487989E-05
6.414315660756397E-05
5.186042449122194E-05
3.957769237487989E-05
3.275395231024544E-05
5.458992051707573E-05
5.868416455585641E-05
5.595466853000259E-05
6.960214865927154E-05
6.687265263341776E-05
6.004891256878328E-05
5.8684164555856404E-05
3.411870032317233E-05
6.960214865927153E-05
6.550790462049084E-05
1.7741724168049614E-05
5.458992051707573E-05
4.913092846536816E-05
4.503668442658747E-05
3.9577692374879886E-05
4.640143243951436E-05
5.458992051707572E-05
2.4565464232684083E-05
3.684819634902612E-05
5.868416455585639E-05
3.4118700323172325E-05
3.4118700323172325E-05
4.230718840073368E-05
4.776618045244124E-05
4.776618045244125E-05
3.5483448336099215E-05
4.367193641366057E-05
4.503668442658746E-05
3.6848196349026106E-05
3.6848196349026106E-05
4.503668442658747E-05
4.503668442658747E-05
3.95776923748799E-05
3.548344833609922E-05
4.0942440387806804E-05
3.275395231024544E-05
3.411870032317233E-05
4.6401432439514344E-05
3.4118700323172325E-05
3.0024456284391658E-05
3.275395231024544E-05
4.230718840073368E-05
2.865970827146476E-05
3.0024456284391654E-05
2.729496025853787E-05
3.411870032317233E-05
3.0024456284391654E-05
3.0024456284391658E-05
3.411870032317233E-05
5.049567647829502E-05
3.684819634902611E-05
3.8212944361952996E-05
3.0024456284391658E-05
3.9577692374879886E-05
3.0024456284391658E-05
3.275395231024544E-05
3.548344833609922E-05
2.729496025853787E-05
2.320071621975719E-05
2.5930212245610976E-05
3.411870032317233E-05
3.684819634902611E-05
2.5930212245610976E-05
2.8659708271464764E-05
3.548344833609922E-05
3.548344833609922E-05
3.684819634902611E-05
3.548344833609922E-05
3.411870032317233E-05
3.957769237487989E-05
2.4565464232684083E-05
2.5930212245610976E-05
3.684819634902611E-05
3.548344833609922E-05
3.275395231024544E-05
2.8659708271464764E-05
2.8659708271464764E-05
3.684819634902611E-05
3.138920429731855E-05
3.0024456284391658E-05
3.684819634902611E-05
3.548344833609922E-05
3.0024456284391658E-05
3.275395231024544E-05
3.2753952310245435E-05
2.8659708271464764E-05
3.8212944361953E-05
4.9130928465368125E-05
3.138920429731855E-05
1.5012228142195827E-05
3.275395231024544E-05
3.684819634902611E-05
3.684819634902611E-05
3.138920429731855E-05
2.320071621975719E-05
2.729496025853787E-05
3.275395231024544E-05
3.0024456284391658E-05
3.0024456284391658E-05
3.548344833609922E-05
3.0024456284391658E-05
2.5930212245610976E-05
2.729496025853787E-05
3.411870032317234E-05
3.138920429731855E-05
3.0024456284391658E-05
3.411870032317233E-05
3.275395231024544E-05
3.0024456284391658E-05
3.4118700323172325E-05
3.6848196349026106E-05
3.5483448336099215E-05
3.5483448336099215E-05
3.4118700323172325E-05
4.367193641366057E-05
3.138920429731855E-05
3.0024456284391658E-05
3.0024456284391654E-05
2.729496025853787E-05
3.138920429731855E-05
2.5930212245610976E-05
3.4118700323172325E-05
4.094244038780677E-05
3.2753952310245435E-05
3.2753952310245435E-05
3.4118700323172325E-05
3.8212944361952996E-05
2.5930212245610973E-05
2.8659708271464757E-05
4.640143243951435E-05
3.2753952310245435E-05
3.821294436195301E-05
3.0024456284391658E-05
3.0024456284391654E-05
2.5930212245610976E-05
3.8212944361952996E-05
3.6848196349026106E-05
3.2753952310245435E-05
4.094244038780678E-05
4.230718840073367E-05
4.230718840073367E-05
5.5954668530002604E-05
4.640143243951435E-05
4.230718840073368E-05
4.3671936413660584E-05
3.8212944361953016E-05
2.8659708271464764E-05
2.8659708271464764E-05
3.138920429731855E-05
3.8212944361952996E-05
3.5483448336099215E-05
2.3200716219757186E-05
3.1389204297318544E-05
3.2753952310245435E-05
3.5483448336099215E-05
4.2307188400733674E-05
3.8212944361952996E-05
4.7766180452441255E-05
5.595466853000261E-05
5.868416455585639E-05
5.049567647829502E-05
4.230718840073367E-05
4.776618045244123E-05
4.640143243951434E-05
4.0942440387806776E-05
3.5483448336099215E-05
3.5483448336099215E-05
3.8212944361952996E-05
3.2753952310245435E-05
3.6848196349026106E-05
3.0024456284391654E-05
3.411870032317233E-05
4.09424403878068E-05
3.8212944361952996E-05
2.5930212245610973E-05
3.548344833609922E-05
4.640143243951435E-05
4.503668442658746E-05
5.458992051707569E-05
5.595466853000258E-05
3.8212944361953E-05
3.0024456284391658E-05
3.8212944361953E-05
3.684819634902611E-05
2.5930212245610976E-05
3.411870032317234E-05
4.913092846536813E-05
4.230718840073367E-05
3.4118700323172325E-05
4.230718840073366E-05
3.9577692374879886E-05
3.2753952310245435E-05
3.5483448336099215E-05
5.049567647829502E-05
3.8212944361952996E-05
3.684819634902611E-05
3.8212944361953E-05
3.9577692374879886E-05
3.8212944361952996E-05
3.548344833609923E-05
4.0942440387806776E-05
3.8212944361952996E-05
3.5483448336099215E-05
3.9577692374879886E-05
4.913092846536812E-05
6.141366058171016E-05
5.868416455585637E-05
2.593021224561097E-05
2.456546423268408E-05
3.548344833609922E-05
4.503668442658746E-05
4.094244038780678E-05
3.138920429731855E-05
4.094244038780679E-05
2.729496025853787E-05
3.0024456284391658E-05
3.1389204297318544E-05
3.411870032317233E-05
2.729496025853787E-05
3.138920429731855E-05
3.957769237487989E-05
3.548344833609922E-05
3.138920429731855E-05
2.4565464232684083E-05
2.729496025853787E-05
3.5483448336099215E-05
3.0024456284391658E-05
3.0024456284391658E-05
3.138920429731855E-05
3.0024456284391658E-05
3.8212944361952996E-05
2.8659708271464764E-05
2.729496025853787E-05
3.5483448336099215E-05
3.6848196349026106E-05
3.2753952310245435E-05
3.4118700323172325E-05
3.6848196349026126E-05
3.138920429731855E-05
3.138920429731855E-05
3.5483448336099215E-05
3.0024456284391658E-05
2.5930212245610976E-05
2.729496025853787E-05
2.8659708271464764E-05
3.138920429731855E-05
3.0024456284391658E-05
3.0024456284391658E-05
3.138920429731855E-05
3.9577692374879886E-05
3.5483448336099215E-05
3.1389204297318544E-05
2.5930212245610976E-05
3.138920429731855E-05
3.2753952310245435E-05
2.4565464232684083E-05
3.2753952310245435E-05
3.6848196349026106E-05
3.5483448336099215E-05
3.6848196349026106E-05
3.138920429731855E-05
3.1389204297318544E-05
2.729496025853787E-05
2.8659708271464764E-05
3.9577692374879907E-05
4.503668442658746E-05
4.776618045244124E-05
4.230718840073368E-05
3.5483448336099215E-05
3.684819634902611E-05
3.0024456284391658E-05
3.4118700323172325E-05
4.503668442658744E-05
3.6848196349026106E-05
2.729496025853787E-05
2.729496025853787E-05
3.6848196349026106E-05
4.094244038780679E-05
4.367193641366058E-05
3.5483448336099215E-05
3.8212944361953E-05
4.3671936413660564E-05
5.049567647829504E-05
3.95776923748799E-05
2.5930212245610976E-05
3.957769237487989E-05
4.503668442658746E-05
3.6848196349026106E-05
3.4118700323172325E-05
3.2753952310245435E-05
4.503668442658747E-05
5.049567647829505E-05
3.8212944361953016E-05
4.230718840073368E-05
4.776618045244125E-05
4.776618045244124E-05
5.32251725041488E-05
6.141366058171016E-05
3.4118700323172325E-05
4.0942440387806776E-05
4.9130928465368145E-05
4.09424403878068E-05
4.6401432439514365E-05
4.640143243951436E-05
4.503668442658746E-05
4.230718840073368E-05
4.094244038780679E-05
2.4565464232684083E-05
3.2753952310245435E-05
4.6401432439514365E-05
4.776618045244124E-05
3.8212944361952996E-05
4.503668442658745E-05
4.640143243951435E-05
4.3671936413660564E-05
4.640143243951435E-05
5.59546685300026E-05
4.5036684426587454E-05
4.6401432439514344E-05
4.776618045244125E-05
4.9130928465368145E-05
5.59546685300026E-05
6.004891256878328E-05
4.776618045244127E-05
5.049567647829504E-05
6.414315660756395E-05
5.7319416542929494E-05
5.4589920517075706E-05
5.186042449122192E-05
5.3225172504148816E-05
4.5036684426587454E-05
3.4118700323172325E-05
3.821294436195299E-05
5.0495676478295036E-05
4.367193641366056E-05
4.7766180452441255E-05
4.503668442658746E-05
5.731941654292951E-05
8.052013276268669E-05
8.870862084024805E-05
7.915538474975977E-05
6.823740064634465E-05
5.5954668530002604E-05
4.9130928465368145E-05
5.322517250414882E-05
6.960214865927154E-05
6.414315660756398E-05
6.550790462049086E-05
7.779063673683291E-05
8.870862084024803E-05
4.367193641366057E-05
6.960214865927151E-05
4.776618045244126E-05
4.503668442658747E-05
4.913092846536814E-05
5.1860424491221926E-05
5.0495676478295036E-05
7.50611407109791E-05
0.00010099135295659008
8.597912481439425E-05
4.5036684426587454E-05
4.367193641366058E-05
4.9130928465368145E-05
5.186042449122193E-05
7.233164468512533E-05
8.870862084024805E-05
6.823740064634464E-05
7.915538474975977E-05
7.915538474975977E-05
7.50611407109791E-05
9.96266049436632E-05
0.00011190933706000521
0.00011463883308585899
9.826185693073629E-05
5.186042449122193E-05
5.0495676478295036E-05
5.4589920517075706E-05
7.096689667219843E-05
8.597912481439425E-05
6.960214865927153E-05
7.233164468512532E-05
5.868416455585639E-05
5.049567647829504E-05
4.9130928465368145E-05
4.776618045244125E-05
6.004891256878329E-05
8.870862084024805E-05
7.506114071097912E-05
8.597912481439426E-05
6.960214865927153E-05
7.36963926980522E-05
7.915538474975979E-05
6.414315660756395E-05
0.0001187330771246397
0.00013920429731854308
0.00014329854135732375
9.826185693073629E-05
7.6425888723906E-05
5.458992051707571E-05
5.049567647829503E-05
6.550790462049086E-05
0.00010917984103415144
0.0001160035810987859
9.689710891780939E-05
3.68481963490261E-05
2.0471220193903402E-05
2.5930212245610973E-05
6.141366058171019E-05
9.41676128919556E-05
8.461437680146736E-05
8.734387282732115E-05
4.7766180452441255E-05
5.458992051707571E-05
4.230718840073368E-05
9.007336885317492E-05
5.45899205170757E-05
8.324962878854046E-05
8.188488077561357E-05
6.277840859463706E-05
3.2753952310245435E-05
4.2307188400733674E-05
6.414315660756397E-05
6.277840859463708E-05
6.960214865927154E-05
7.6425888723906E-05
4.776618045244125E-05
4.094244038780679E-05
3.95776923748799E-05
4.230718840073369E-05
6.550790462049087E-05
6.414315660756397E-05
6.141366058171019E-05
7.6425888723906E-05
6.004891256878329E-05
3.957769237487989E-05
4.6401432439514365E-05
4.6401432439514365E-05
5.186042449122192E-05
5.458992051707571E-05
6.823740064634466E-05
5.458992051707572E-05
4.367193641366057E-05
4.640143243951436E-05
5.73194165429295E-05
7.233164468512532E-05
7.233164468512533E-05
6.414315660756395E-05
5.73194165429295E-05
4.367193641366057E-05
3.9577692374879886E-05
4.7766180452441255E-05
5.322517250414882E-05
5.73194165429295E-05
5.86841645558564E-05
5.458992051707571E-05
5.049567647829505E-05
4.640143243951437E-05
4.367193641366057E-05
5.186042449122193E-05
5.186042449122194E-05
4.913092846536815E-05
4.094244038780678E-05
4.230718840073368E-05
3.4118700323172325E-05
4.503668442658748E-05
5.186042449122194E-05
5.458992051707572E-05
4.913092846536814E-05
2.8659708271464757E-05
4.0942440387806776E-05
4.913092846536814E-05
5.595466853000261E-05
5.322517250414882E-05
5.049567647829505E-05
5.186042449122193E-05
4.503668442658747E-05
4.230718840073369E-05
4.367193641366058E-05
4.7766180452441255E-05
4.913092846536815E-05
4.913092846536814E-05
6.141366058171019E-05
5.8684164555856384E-05
6.550790462049084E-05
2.729496025853787E-05
5.0495676478295036E-05
4.7766180452441255E-05
4.503668442658746E-05
5.322517250414882E-05
3.6848196349026106E-05
4.776618045244125E-05
5.8684164555856384E-05
4.776618045244124E-05
4.640143243951435E-05
3.8212944361953E-05
3.8212944361953E-05
4.367193641366058E-05
5.731941654292951E-05
4.9130928465368145E-05
3.95776923748799E-05
2.320071621975719E-05
2.4565464232684083E-05
3.2753952310245435E-05
3.684819634902612E-05
4.640143243951438E-05
4.09424403878068E-05
4.094244038780679E-05
4.2307188400733674E-05
3.684819634902612E-05
5.049567647829502E-05
4.230718840073367E-05
4.230718840073367E-05
4.776618045244124E-05
4.776618045244124E-05
3.821294436195301E-05
3.0024456284391654E-05
3.2753952310245435E-05
5.0495676478295036E-05
4.776618045244127E-05
4.6401432439514365E-05
4.367193641366058E-05
4.094244038780679E-05
4.913092846536812E-05
5.186042449122191E-05
5.049567647829502E-05
3.8212944361952996E-05
3.684819634902611E-05
4.367193641366057E-05
5.1860424491221926E-05
4.367193641366057E-05
4.367193641366056E-05
4.230718840073367E-05
3.8212944361952996E-05
3.4118700323172325E-05
5.0495676478295036E-05
5.458992051707572E-05
4.7766180452441255E-05
3.5483448336099215E-05
3.6848196349026106E-05
4.230718840073368E-05
4.230718840073367E-05
3.9577692374879886E-05
4.230718840073368E-05
4.9130928465368145E-05
4.367193641366055E-05
4.367193641366057E-05
3.8212944361952996E-05
3.9577692374879886E-05
4.230718840073367E-05
3.5483448336099215E-05
3.8212944361953E-05
4.09424403878068E-05
4.3671936413660584E-05
3.684819634902611E-05
4.503668442658745E-05
3.6848196349026106E-05
3.8212944361952996E-05
3.6848196349026126E-05
3.411870032317233E-05
2.729496025853787E-05
3.0024456284391654E-05
3.8212944361953E-05
3.2753952310245435E-05
2.729496025853787E-05
2.8659708271464764E-05
4.230718840073368E-05
4.230718840073368E-05
4.503668442658746E-05
4.09424403878068E-05
3.684819634902611E-05
3.8212944361952996E-05
3.2753952310245435E-05
3.684819634902612E-05
3.9577692374879886E-05
4.094244038780679E-05
3.4118700323172325E-05
