4.957115E-07
0.0001955726
0.00072853494
0.0013298753
0.0045314836
0.010189759
0.011380759
0.027855344
0.031443227
0.03989975
0.060305454
0.076731175
0.07742907
0.12899855
0.14724422
0.1260454
0.17328942
0.24804685
0.25879106
0.3658385
0.3098417
0.26317257
0.21646239
0.23536423
0.32248083
0.37908158
0.507854
0.47073394
0.44329676
0.69871515
0.9572068
0.7727741
1.0142716
0.9283542
0.68326306
0.4244424
0.5440836
0.5539883
0.9420782
1.3137157
1.8336636
1.3898351
2.113291
4.0811853
3.6578155
5.5087304
9.199449
8.081288
8.15334
13.126714
12.8275385
14.259426
22.672382
26.623625
21.707062
22.686512
27.523027
19.622002
23.195877
33.464863
29.29419
25.328531
28.876783
28.666191
18.3097
16.190289
17.088121
13.870301
13.331342
16.248781
16.869032
15.805672
11.505819
9.638744
11.646911
12.995227
12.152658
18.73878
23.372997
16.684973
13.604331
17.828445
17.01479
12.369609
14.085244
20.55551
17.626823
14.904104
17.566645
17.332315
8.997262
7.8963456
15.062766
15.315455
10.670129
17.90547
15.598001
6.6198225
11.375974
12.978093
8.110763
14.83506
23.784863
15.738399
17.014496
21.076794
14.180703
18.855968
21.61667
15.518379
19.315012
33.951767
28.831442
27.65609
51.651974
34.868546
27.206453
48.736248
45.88181
48.993702
61.31331
74.44266
61.960598
56.122547
58.166336
52.518036
53.723682
57.787235
58.11895
56.309242
41.654247
43.99279
38.577915
24.638548
22.139755
26.767282
22.23771
13.163662
18.827166
14.002274
7.470617
9.698419
9.541121
7.450354
10.188261
10.503527
10.490351
13.671112
17.89312
14.798912
14.087753
18.347029
16.122637
12.052387
16.193205
19.124233
12.063558
18.253689
21.036337
13.064138
15.376283
22.357063
17.05572
12.713889
23.368025
22.61453
10.594834
21.563156
24.178211
14.839432
21.116827
27.267517
19.998789
11.30151
19.234734
15.069103
11.248981
18.194826
18.678354
17.026745
16.420668
15.550541
13.407006
8.739367
12.853506
14.035558
16.520002
19.24349
20.569412
18.202995
18.605478
22.587461
19.083452
21.094126
32.2118
27.422073
21.809986
30.95651
28.729902
18.445919
21.858294
30.227474
21.675844
23.042528
32.431004
23.758322
20.512417
24.130016
22.090372
19.463314
26.38062
37.79107
29.71407
32.07064
35.721664
19.53336
21.277115
28.214334
26.272768
20.468555
21.210693
21.835636
12.919262
15.750479
13.886503
9.738788
11.647598
11.113112
9.420122
13.562755
20.252705
21.920654
26.537264
23.941658
25.225487
34.853603
30.101055
35.217434
50.436337
44.985676
31.573606
42.24231
40.743095
24.277365
40.97729
46.050426
27.24197
28.814829
36.973694
20.708237
15.768506
28.659218
26.178541
15.454587
24.08055
24.820179
13.191262
18.703962
18.76077
16.32177
18.615055
20.70389
22.436478
16.02299
17.845795
16.105585
8.897282
11.62329
11.096612
9.471428
9.6825285
10.210463
10.016133
6.425361
7.9473515
8.574754
9.032118
12.66037
11.264881
13.883877
13.296071
12.441195
8.728852
10.446423
14.167123
17.548885
16.194624
21.318304
23.739582
16.057714
12.154899
14.900337
15.7293
13.606906
16.710432
22.514816
18.214998
20.009974
19.124956
18.478504
22.041693
17.497911
18.667763
25.972887
22.586884
23.615423
33.76753
29.45782
17.786423
24.473688
32.27587
20.441525
25.53592
38.135456
23.802172
24.992025
33.876846
24.353098
26.121307
34.50671
40.217644
36.12648
39.575813
51.933422
48.176804
43.353714
50.47905
59.864124
53.88935
53.12341
65.38732
48.78113
31.329672
40.96777
40.689148
31.377134
30.892035
36.74403
23.258732
15.5857935
16.03292
11.644516
10.679075
12.564637
12.25668
11.086537
19.520838
25.9613
21.416737
28.92153
35.491215
27.63844
28.710846
48.555286
47.214794
43.038403
52.7502
49.48696
38.80821
43.394268
51.000362
43.69261
44.853416
100.53414
77.42148
64.832115
56.21703
39.896313
36.024075
37.726414
45.80733
43.733116
53.148296
48.741993
34.26494
42.73828
47.374054
46.93822
33.40936
28.217922
31.486486
32.510387
36.09161
27.51935
29.714811
24.239542
30.08533
27.621439
28.141716
41.933666
48.487583
34.535378
45.24242
55.57904
53.348232
63.52591
69.25613
53.87764
43.1631
69.00543
75.64707
51.035522
53.597126
64.94531
46.207996
30.2967
38.728077
34.48255
35.98844
40.612595
52.453896
43.476025
35.90585
23.03754
18.601093
26.105898
27.819445
24.429335
23.385649
31.396154
36.26438
26.313696
27.651585
20.651966
21.54212
23.622831
32.850834
41.12094
48.495686
50.005924
67.03258
53.476406
43.749283
54.799885
37.8389
29.608015
49.183884
50.181187
43.98115
57.802563
69.134926
65.95649
84.209496
97.21432
82.56383
73.435776
83.36149
109.65111
97.9519
101.43383
92.006256
69.04046
58.822132
50.80244
59.241306
29.914442
35.500065
32.268574
35.222668
41.230568
22.919931
41.1844
46.06995
31.46335
30.738611
54.040394
31.243277
34.24405
48.541653
40.189625
48.341072
29.760303
37.44582
35.93969
38.354168
41.02915
39.168716
73.209274
57.565895
62.836037
51.690765
68.180214
51.55697
38.882698
56.059128
49.724655
47.73871
47.233692
53.32796
29.042418
43.019783
36.641083
48.183697
53.920906
51.734764
36.43481
51.82239
39.20198
34.37262
36.659546
40.967323
44.64477
47.51391
44.74502
40.6055
44.938164
42.52468
48.789143
51.09859
40.643818
37.57397
44.601933
53.77455
57.095104
23.34074
51.71528
44.256897
41.60728
64.83113
64.54575
68.14011
36.90066
32.311306
30.112986
31.173162
34.759487
40.487278
36.593708
35.188866
34.406063
28.049877
26.630375
24.978674
32.434517
27.89229
32.287235
31.909485
25.5395
22.65421
25.593676
23.127695
22.4354
21.507685
29.890522
30.057453
27.46774
25.134165
24.507948
25.823818
15.317432
21.348064
21.033909
14.272415
11.442825
12.595502
17.300766
37.264107
33.39238
46.53036
41.003994
42.097656
37.288403
32.446484
39.246517
47.334675
47.602325
44.7801
38.71119
20.755934
40.15235
54.685715
38.60069
31.05857
28.98477
19.449682
21.763746
35.57353
21.576885
32.144196
27.506283
45.663452
50.74679
44.042316
77.488235
71.42141
69.4545
60.986195
49.7598
56.003536
40.385967
37.68172
38.77156
38.288284
43.312428
31.132072
41.637585
31.085094
26.681927
35.438545
44.861973
33.17593
28.625273
26.54427
28.632862
25.534174
20.7854
18.899082
13.029692
19.901327
22.019089
21.611996
20.529245
18.33734
16.19279
20.20467
19.452688
19.05153
22.240355
25.89724
26.688524
21.869446
25.402193
48.708565
38.70533
66.566795
39.700344
61.04918
27.421816
44.861244
27.374151
28.404816
31.802523
23.868412
28.448065
49.954655
42.477634
39.388443
45.000237
42.03803
37.613617
29.406212
27.529371
29.68234
29.855904
33.43303
43.34482
37.971874
49.51169
35.16432
37.941692
31.810751
23.963081
26.112745
16.975538
22.975752
20.064356
22.119307
26.86513
26.068708
29.017572
25.449713
22.515053
20.274372
20.268343
19.163502
15.8594475
17.822283
22.05821
23.616114
18.329782
31.892632
28.473886
25.875004
24.762293
47.66883
31.034487
41.37328
29.814495
24.644894
25.073757
31.346235
21.709633
40.333458
48.144127
46.897675
48.87709
43.357773
42.9503
38.87656
34.274265
31.849894
26.199188
35.288513
22.009655
33.30491
23.209843
26.934202
24.424788
18.454088
23.115732
18.821238
26.018307
24.11742
28.743761
31.838686
19.950356
29.061007
20.6553
20.506035
24.31214
26.43042
23.778784
23.665554
25.523947
22.610788
22.062311
25.94317
22.22687
22.029278
18.716946
20.835064
21.486475
18.365402
20.716614
15.39694
26.280758
32.208633
38.88
37.419735
30.087212
27.132265
18.33057
24.754532
20.144276
24.161554
29.78006
27.48261
22.803583
29.092049
22.21523
18.36397
15.210429
14.787508
15.014739
17.54945
14.204675
15.602319
9.935757
11.901589
11.077219
9.784957
14.696939
16.513424
15.4998455
19.073317
16.816025
19.021074
18.251802
17.472235
24.399166
15.971474
22.804014
20.147385
22.822754
25.979753
17.730694
19.564795
16.938652
15.276601
16.883005
14.166881
15.971736
13.347001
16.386654
22.39979
12.500389
102.44119
96.84848
31.626108
99.807594
137.15681
36.403667
138.45755
216.53685
159.82353
180.33655
259.1721
130.50154
109.019485
122.223236
112.208725
29.086458
107.39751
96.20288
25.222868
133.25278
144.72519
157.46817
144.47156
250.13626
118.614235
118.59598
127.636635
108.656075
11.827229
125.85442
129.4646
36.714153
194.04404
195.01897
176.22124
179.89233
245.59213
143.28174
131.25005
101.703606
111.7443
130.28511
134.5974
80.06915
16.577232
209.17453
164.18867
90.16498
162.76083
210.97499
220.5836
128.36482
120.8971
125.67681
134.45064
126.64431
64.51333
11.194162
212.8964
183.04424
85.4392
160.64561
194.83789
216.50974
130.98056
124.3935
67.00533
31.515106
107.711205
84.026985
12.810867
239.9549
195.32875
178.95605
269.44757
237.89348
188.84462
143.18298
100.49543
108.34824
46.260372
98.08277
107.74972
26.198484
322.837
121.20673
199.34262
282.50952
259.5642
158.96338
136.76772
120.29178
116.57894
135.11594
121.859886
29.203995
60.658123
282.83447
127.12813
131.43741
191.8188
281.43585
213.98135
130.77013
120.93719
32.079845
48.6936
95.77876
64.45625
91.74208
412.50827
348.56223
321.52594
268.49695
271.90292
147.27013
182.9901
118.5029
46.85484
59.688972
106.0518
66.24626
92.58186
471.4055
338.53943
328.17743
350.68948
200.45978
165.76427
142.0265
116.43109
103.98715
116.00579
113.413826
26.40516
199.14809
420.26678
329.3833
157.32823
319.94662
214.0576
201.4964
155.13774
104.98194
27.31062
68.32337
111.7731
45.31877
234.39998
463.5737
395.36786
362.51492
356.43735
234.09769
162.61537
159.33635
100.09091
25.394682
80.84514
95.85128
33.62935
223.65997
207.15002
194.35797
251.2471
356.1673
278.99118
246.05774
144.32137
91.913475
18.055069
110.07076
116.84218
33.180626
253.50789
223.81529
159.90485
268.6381
313.64557
211.92278
199.29918
94.895775
76.3552
12.017043
107.6866
115.14402
24.861065
223.6768
264.33438
173.6431
272.2398
363.06522
232.8565
266.4399
121.580635
132.73813
134.33742
118.22252
78.224434
9.636694
261.22964
252.01436
78.90886
179.68622
255.96306
241.90128
448.35956
1028.1047
1058.5447
693.7325
509.9871
491.49814
207.00261
556.35596
298.0906
383.67
272.2194
327.72116
272.02075
531.7261
1305.7609
1109.4905
766.5543
501.6437
477.96292
245.4028
569.3646
318.56497
340.28442
264.22098
370.90744
261.93246
614.23157
1351.4681
1086.9143
826.90704
514.616
391.27417
282.49655
530.0778
386.4829
249.93979
354.19836
238.6299
253.27763
704.616
1268.3215
1150.8696
780.94147
599.12634
322.92697
382.62805
499.62314
369.4912
159.30934
303.7595
310.0165
276.2814
721.0417
1378.8986
1134.2012
691.77686
640.9222
314.45288
373.003
466.35443
380.03845
216.03334
275.0895
332.23343
269.64038
787.1014
1446.445
1051.6317
708.9549
558.42194
315.44412
372.81815
548.6207
412.30103
318.08414
317.46338
376.53586
234.15366
788.14435
1180.4879
1080.7616
701.0927
578.6355
356.86774
396.27408
420.63174
321.85052
336.8167
308.8908
383.65173
235.41306
852.2572
1323.7747
963.8322
768.00684
463.7187
383.32474
375.68295
405.98743
277.72427
243.42679
346.2413
382.01077
279.1894
981.83716
1247.6135
983.0513
661.9501
432.24112
420.4335
483.3056
460.7171
139.40413
338.81644
299.14905
354.38272
229.21382
1188.886
1231.206
1011.7681
582.6509
469.81412
363.021
525.0351
456.927
114.68341
406.04083
276.44937
347.70602
361.47003
1091.6339
1385.8046
810.0695
640.904
500.95087
282.33603
530.9077
423.4213
166.6872
341.83716
215.2938
315.82645
374.13788
1241.7272
1192.744
818.8798
619.64355
561.6481
258.6483
666.1507
294.0004
168.70065
422.27478
372.59738
275.03772
411.8959
1276.3318
1164.5707
792.5019
606.55316
493.06586
218.40126
549.57715
366.14566
284.37183
381.91885
335.31192
381.9371
520.9523
1434.4329
1189.2739
749.54193
600.9999
530.52277
231.9541
581.3771
359.59824
336.3096
306.61243
293.2967
257.28296
536.3434
1230.1182
1009.33606
708.68695
492.27643
455.2341
266.42
411.10666
319.91864
345.1764
396.0428
336.27582
282.13275
584.95355
1536.6948
931.51227
722.1705
650.15576
392.12866
323.22125
331.8656
326.75076
243.23602
431.0345
218.64702
308.89633
703.1287
1051.8412
1116.6338
698.79736
568.98065
379.89526
408.24756
332
407.2636
265.9334
384.9338
288.6313
255.24054
724.197
1170.9747
1134.067
628.3225
594.0464
315.39044
395.15005
371.72736
349.53375
346.1835
255.02809
396.59964
213.60548
807.7024
1212.3827
1055.9196
688.0576
579.07587
356.06964
363.25073
450.36737
307.5682
376.2794
294.6374
415.04947
188.02039
928.63354
1128.9977
962.8383
742.24445
574.3802
364.2054
326.01907
396.44235
257.61108
238.15353
385.03214
401.67343
293.79834
988.41016
1349.733
884.6585
862.5475
408.88226
373.18124
277.05826
451.88922
274.55804
250.49748
396.10358
321.94336
307.0123
1037.1218
1285.6112
1037.3586
661.1906
392.85483
410.62073
424.24417
376.92117
310.80362
379.24948
405.02927
286.8699
361.90308
1065.4475
1150.4226
891.0431
592.99335
481.66888
387.5442
509.38654
325.99576
300.91144
360.8552
469.4818
275.6605
359.38074
1117.6316
1150.9313
819.9565
675.4444
482.2881
266.3106
488.7669
390.8465
204.38867
278.35565
359.81668
415.6493
429.4051
1106.3989
1127.4049
824.28784
609.4176
497.21094
255.05383
686.6075
599.2554
386.6581
529.40125
321.5473
261.49625
440.392
1255.0032
1190.2528
731.232
551.985
538.5835
232.18625
721.3304
499.0174
495.72647
348.76447
378.06656
260.635
479.668
1234.991
1195.9313
822.25543
543.6632
493.1583
252.0224
672.0129
609.44507
262.10437
315.0767
323.68555
312.6488
506.00165
1214.4106
946.12305
828.30255
567.8008
387.71964
303.9122
693.2264
619.6968
411.8201
419.38626
383.53265
224.14299
587.9924
1421.9374
927.2261
758.7018
601.71216
307.81433
356.11584
398.6501
428.08398
355.6062
368.7503
358.69324
312.82825
710.71265
1375.3032
1075.3473
693.1261
598.9675
366.7254
426.45236
422.8965
358.29123
309.43317
333.8435
327.47037
186.50931
783.39685
1384.7123
970.82745
628.8828
595.92834
340.6602
370.23395
420.1106
342.32095
339.37686
409.41064
380.94525
217.41788
866.3632
1258.1235
894.1268
693.26935
538.5068
358.40594
447.25345
375.8631
346.17175
182.31625
381.0797
313.54208
195.76988
976.7741
1225.2039
872.5965
684.0716
529.3738
381.91833
335.1726
391.30112
371.53183
367.92053
403.45535
247.0485
245.53442
1014.6203
1212.1163
950.08716
700.03485
400.36755
424.066
344.68524
417.24374
306.61612
340.06003
372.85223
318.35266
281.5207
1136.4628
1210.3274
951.71344
643.7362
381.9563
393.63272
408.5512
300.29068
346.7717
354.55258
420.6554
298.2419
321.78885
1095.3378
1188.2595
731.2592
701.3416
474.46555
306.3511
469.1584
278.04114
216.95187
262.92844
415.40784
333.65463
408.26886
1106.0615
1309.8231
840.55804
652.80133
518.2781
255.27339
443.46466
351.63284
217.38206
258.56656
400.1349
348.9313
387.89548
1203.5487
1186.7181
779.91705
557.92664
556.6225
225.37697
582.6179
295.04645
344.35165
289.92227
390.7797
337.67987
449.80508
1373.9297
1009.1407
784.01495
594.0351
510.66956
250.86511
580.4595
251.4103
334.34302
314.50366
457.41138
251.35228
472.21304
1339.0476
1005.8825
896.7023
535.2234
395.7635
275.43726
582.1782
307.3714
197.87334
249.59474
336.656
396.8472
589.409
1132.1926
1090.0315
774.9293
547.3847
363.93848
307.72043
714.40375
562.7219
396.3541
411.18948
406.371
183.87022
626.85004
1232.4562
1232.2915
804.2735
567.4467
353.76083
435.4134
690.56415
398.95236
415.9579
394.77438
462.077
143.92406
718.9172
1259.716
1086.9514
716.4541
648.06335
288.96304
405.2621
671.16
377.34106
238.52081
254.44128
410.67773
209.70491
728.06757
1174.294
979.3813
649.3287
609.04297
338.88547
354.16885
746.3935
445.52527
443.09634
397.23157
346.1467
179.60059
821.85095
1332.4314
928.7323
729.83203
500.9629
383.15393
405.75723
403.07788
272.05167
406.3796
409.71252
444.34705
249.50049
1092.7131
1312.8173
972.7111
754.01434
442.34445
395.7631
456.01617
409.08463
259.81433
336.70685
317.43774
337.88254
258.08862
1073.356
1233.0946
942.3287
632.7716
476.59482
389.28357
472.8995
353.74335
318.2809
302.73544
427.01678
319.92514
344.4634
1079.2524
1229.1486
782.6223
625.5652
462.82584
357.8469
551.6649
350.4095
256.11465
193.24724
312.60257
353.90698
361.1151
1062.8916
1403.7638
784.7946
689.7094
686.40393
300.6217
635.7216
439.6943
504.6673
469.24585
576.3952
332.8294
387.17856
1210.887
1215.316
818.6764
593.30396
607.31274
288.77744
580.9436
329.83643
306.09265
369.63806
412.46497
361.30878
505.30978
1172.0164
1230.6855
710.6801
566.6953
561.27673
295.15918
459.2701
434.68167
405.41068
258.23526
480.93503
375.60248
457.66403
1167.5792
1102.5775
758.9622
684.76825
528.93115
290.14783
482.69916
336.50803
271.11603
367.61575
330.1041
373.56805
615.60913
1059.2838
1225.1492
908.4268
653.266
430.39792
311.22427
507.06348
414.69516
207.8085
406.11374
332.10504
293.74582
638.00415
1257.7856
1002.0079
747.5153
591.97577
420.9421
368.28864
410.9687
404.42422
233.20496
443.01035
303.36108
317.0062
599.0513
1309.9043
935.80237
666.95135
571.45233
384.89206
421.29987
447.19943
327.85632
407.93082
378.00003
384.76807
234.77219
715.89996
1343.5966
958.4423
550.32697
649.6504
374.86914
379.44702
426.76892
318.2951
264.03397
293.65695
491.57993
211.71939
870.9052
1078.9359
1019.6333
696.9551
534.4296
414.04306
430.1239
683.69836
521.855
469.93112
441.44565
358.84897
221.58873
923.58234
1282.0881
907.7733
729.5661
476.59088
409.42133
397.8407
683.3335
432.59457
456.46918
397.94034
327.7697
190.84338
970.8646
1271.4917
859.0255
737.53326
441.36932
404.65445
450.30167
578.6855
339.0402
291.49585
323.16248
356.2769
245.76369
971.77106
1028.7521
928.3775
609.4517
416.42233
363.6753
490.986
631.69135
482.06567
502.33383
256.65814
368.68356
362.53656
1028.3989
1311.6481
807.616
560.1294
440.07318
315.77515
618.38257
354.30276
307.60236
358.455
360.0601
413.35922
508.02155
1261.0822
1107.753
873.77344
682.5006
553.1239
272.09222
562.46246
314.2938
289.19962
240.17467
384.1026
294.176
448.67447
1205.089
1056.6356
741.46027
574.3523
529.9496
214.90108
574.3228
395.26248
303.0262
390.93338
285.56924
307.90268
457.2594
1306.0753
939.315
740.7376
524.8036
571.57837
257.09253
563.1926
362.9846
240.16306
328.70465
186.67738
312.8646
487.65686
1171.5007
1168.0778
673.6653
644.1653
445.6801
256.69153
473.4864
348.7205
370.49487
399.6619
339.46048
284.2238
562.44775
1301.0392
1145.2975
730.62573
558.95074
411.16376
319.2846
424.41202
378.74936
226.17383
369.01486
269.10406
292.1644
672.10583
1219.3314
1152.6182
690.8321
562.5154
419.19193
394.1769
330.14136
409.16464
281.72095
405.24176
302.9024
265.69968
754.8274
1110.9882
1139.8802
687.2108
631.86755
332.2982
370.451
289.88446
367.08536
241.38107
275.88068
400.05707
226.07048
769.53827
1254.4954
1046.5994
702.0946
574.7816
341.92224
353.90982
447.6926
240.74934
258.742
269.58368
399.00436
211.48141
878.493
1301.8054
902.16254
686.9174
491.20493
386.08023
392.1725
452.58145
303.8635
385.8568
373.33603
355.609
311.92606
940.8478
1153.7205
935.6697
679.89166
423.3158
403.96216
404.02048
448.7996
279.59537
332.59912
441.3711
322.69962
294.7258
985.1855
1175.4105
948.29584
635.1234
396.17844
379.83456
466.6539
354.6142
213.36395
260.55063
319.3327
424.18524
359.1534
1000.7826
1110.5387
859.70416
620.2614
429.3095
319.61285
552.73553
633.13477
458.66223
474.25668
264.45294
330.93243
340.86362
1107.0214
1292.4625
815.39844
552.56793
483.55984
253.23482
608.75165
548.2518
407.4719
432.21732
359.33575
241.44
413.15137
1143.8816
1133.8629
917.77045
569.31177
497.30197
236.60704
674.8919
565.3936
255.44157
292.24176
361.45288
292.40115
392.87344
1072.2701
1047.5884
747.4288
551.31464
532.7465
204.55547
706.5774
551.3473
491.3163
361.06473
363.2781
296.70514
444.37094
1422.9604
1025.5056
679.1543
536.70874
486.71
233.47478
563.4553
392.6856
314.0899
371.60425
376.2205
322.51843
575.7768
1429.013
1019.69604
762.3534
537.34326
441.77817
286.81024
520.5201
306.6467
297.50827
313.89224
281.14
296.5507
570.0234
1084.591
753.52155
598.1722
584.8834
341.1447
417.3805
315.07184
331.64642
303.1566
391.66174
401.76926
283.2366
687.42816
1333.4536
832.7467
571.79504
609.0996
377.88715
453.26102
370.96884
296.60974
277.69223
466.51724
355.7737
243.60757
368.408
136.32227
84.126495
111.36132
188.94403
141.79509
160.78288
252.06206
212.34767
307.5496
175.24397
154.58524
133.49397
138.53131
90.87247
82.6234
79.4031
94.83661
67.33795
147.24684
214.25745
229.14253
250.52115
254.82811
178.7381
132.12537
207.62196
135.33212
62.29368
70.39902
102.46308
41.731617
149.35095
272.83734
263.27075
316.70618
304.80463
157.78682
114.48479
236.6674
186.86266
160.55179
170.7583
111.626526
20.195654
158.71681
285.22327
167.65129
127.018425
295.61554
221.83812
113.654236
230.77736
191.33113
154.53027
154.02397
105.20361
13.455098
177.22542
336.33807
221.11887
143.09636
308.21945
255.23337
115.246475
239.56091
185.01443
46.678703
124.76449
147.42888
33.219784
205.3928
327.267
350.8497
278.76624
302.56198
194.20876
140.30724
184.31363
128.91293
45.503902
119.48719
110.8642
23.436577
188.60173
190.92186
307.10458
192.32997
244.32933
153.58328
162.3208
151.24005
160.02596
152.30675
131.36574
85.4625
9.641847
208.4806
170.31819
178.23863
186.57936
159.88536
184.28912
152.71547
153.59634
114.87358
47.925407
119.594734
93.461
16.970886
245.17229
182.66321
237.45335
264.56305
211.37961
158.90126
196.6563
169.92534
113.22299
71.541046
118.21348
98.02573
21.328249
230.09013
196.90671
202.07172
241.38364
187.46632
151.85762
210.3207
151.94627
141.78113
138.03235
110.432274
46.426437
17.367884
228.54529
163.42284
118.72798
213.03937
193.55574
144.47998
202.6072
156.86667
79.964836
69.01312
107.82947
64.78409
25.730085
183.55475
184.85315
214.05106
196.78525
177.18663
157.22072
213.10384
199.19028
162.94206
101.93733
142.36432
100.12885
82.425606
228.5262
259.13632
263.55875
296.39102
177.06537
167.07031
169.54695
155.9241
85.42873
81.933846
117.26631
67.792496
81.93131
181.68073
187.03798
206.03903
257.9286
165.26472
134.0857
152.30008
169.86307
59.77502
70.135475
114.16866
76.219536
85.355644
208.24562
238.61526
178.31114
260.19403
193.99155
157.58678
203.2381
187.7555
130.08907
150.88371
140.25426
31.721176
93.37047
249.76962
149.93571
131.59042
216.46545
187.84796
127.38686
1079.6116
1238.3622
1023.68115
558.44824
437.30176
390.4959
254.56409
277.68323
250.84596
225.0341
230.5319
161.23563
195.54303
1130.0612
1174.7074
945.78217
584.82135
454.8863
359.58533
335.0637
251.35902
239.48665
198.71933
209.82373
164.97961
234.43805
1129.8173
1257.2312
845.7382
640.03345
515.71875
300.36093
365.0262
298.25595
284.56186
203.00934
203.58502
160.1131
290.7195
1205.2167
1257.638
914.8385
606.5949
525.89923
236.3061
370.80518
280.50006
220.5458
226.85661
262.6245
216.13443
351.88437
1214.0236
1275.4526
863.93677
581.19336
454.60785
218.26079
370.2886
248.5328
233.86569
253.87474
277.67215
231.28111
430.6462
1292.7473
1245.9043
840.7708
521.26764
462.93558
253.39363
361.9975
265.13876
276.147
243.7264
251.4474
185.34909
454.63626
1057.4104
1197.9847
894.5743
586.44165
417.40405
289.84818
402.70618
405.21857
258.47144
300.6038
305.12515
169.88002
516.9933
1100.7328
1051.5647
913.21716
590.4563
323.28506
328.148
345.722
347.27084
176.60294
254.27547
279.6909
168.39828
592.83203
1308.2788
1074.2219
698.0987
600.7706
343.84976
348.76764
345.28073
367.99268
265.75854
338.89026
204.30624
218.84204
700.88763
1449.7231
1029.7533
594.77765
670.0105
339.0773
380.50613
343.67578
410.74634
303.18393
386.2722
212.78664
234.15114
787.9393
1278.3063
979.8251
711.9154
552.6121
362.84323
389.1761
308.47928
360.47202
232.5485
300.46625
274.5786
233.87697
842.4694
1306.3727
954.81177
664.5659
525.2615
407.4159
329.75967
337.9959
397.58142
377.09705
257.13605
248.23898
148.63766
999.591
1209.4126
929.1942
691.57184
496.6973
380.28314
337.64444
449.11285
352.62534
336.99512
371.8362
304.0834
176.14534
1145.5155
1228.9623
1020.99066
600.448
475.56113
377.78452
342.22244
324.78476
248.64275
284.6299
298.36765
213.71301
196.12955
1054.7229
1231.8468
815.949
619.17664
488.22702
335.96744
398.54333
387.75323
300.3513
479.2005
230.07869
299.1225
261.7403
1330.0942
1076.4019
816.49945
641.10956
566.16235
275.2282
478.62668
423.50693
266.61435
293.75793
384.7748
216.6157
288.1828
1077.0724
1240.091
943.09015
542.2948
462.0562
231.78883
728.83716
580.1669
716.9206
686.74066
508.19992
487.6358
450.3179
1227.321
1188.4825
815.36633
442.92142
291.0869
121.71676
531.9669
442.41602
509.38525
526.94617
483.1348
443.051
438.83307
349.5047
275.62592
146.11414
289.00082
278.3107
132.65659
535.61005
517.50104
480.01288
590.37585
460.0154
295.24292
575.87225
1310.4083
1166.7241
885.6195
356.80997
187.83725
137.69926
497.72327
483.4584
234.59155
470.40213
506.56274
314.61435
635.6839
973.06396
1144.1395
683.45807
310.25485
196.49478
213.15204
503.91864
485.3573
214.42874
402.1253
443.8172
208.1112
751.2748
1480.4053
1059.2683
574.0554
209.64545
255.55983
213.83966
516.71716
450.37048
404.25385
426.78595
414.4825
178.49713
495.18787
299.21072
185.47186
140.46053
186.08171
122.227615
190.66557
475.4531
251.85098
259.82657
476.39542
457.1108
206.43336
842.2611
1318.3525
881.99945
604.3465
408.38992
143.48875
230.74394
318.81046
314.03845
266.76648
465.09106
381.70312
351.47382
879.726
1161.7513
1048.1962
590.6388
337.4988
159.99808
399.51407
696.2207
500.00977
620.76294
572.2217
327.1348
336.17786
1031.3206
1121.8667
1052.6532
460.65118
161.88461
93.994156
350.9125
518.5116
466.14462
572.1792
425.34802
300.70523
361.57956
322.95306
212.09172
242.16989
208.1926
203.90479
153.0895
441.66055
611.89606
397.11285
459.82794
393.433
379.70755
456.54776
1056.1312
1057.7875
848.60046
368.94162
309.05057
141.41434
464.80664
757.81647
618.32623
680.3867
504.86487
307.69342
581.0967
1108.1919
1056.5493
753.53784
320.3617
149.38454
148.699
383.98685
431.33005
250.96642
324.4168
495.83917
287.01022
564.1535
1372.9235
1011.0893
640.5218
340.2239
210.27992
111.97125
480.95947
577.48486
373.04224
360.14566
572.45685
420.7364
456.4013
222.10783
198.09402
137.19879
273.36676
199.21014
154.63577
291.79413
470.3497
243.2164
373.60275
522.5541
457.32782
580.222
1449.191
781.8306
749.1509
423.25684
196.83891
155.30833
353.57132
451.2789
392.1076
495.62842
619.38715
584.4852
739.5898
1004.3163
1161.0201
843.4981
558.7617
428.653
232.94025
630.165
696.11035
502.6056
665.4979
559.12054
369.8858
715.8364
1119.6141
1281.551
615.84784
280.92188
280.4564
193.91463
519.14734
516.16296
503.6395
434.42426
626.1145
320.03607
429.85776
350.80948
212.12935
208.59146
315.0718
205.13841
229.74008
539.72
468.2769
546.06714
476.37537
493.67886
339.8308
956.4162
1287.3936
1137.2267
671.9369
308.7664
147.21162
238.48752
553.0469
408.75812
324.4068
422.7652
461.27896
341.646
969.92
1420.2603
838.31866
646.82117
279.47052
165.10071
272.39117
573.9364
380.18884
269.58472
423.372
387.31766
246.92789
1082.2474
1472.8295
846.6457
470.1933
249.82387
191.53474
280.45776
481.07544
384.6523
395.48264
520.1518
310.6635
195.85806
496.88913
346.48935
152.32484
134.2863
192.26195
111.805176
242.11902
468.40964
177.27217
275.54132
537.1538
316.6394
299.13297
1055.3488
1130.3223
683.4968
522.12354
430.91962
109.59387
304.83017
365.96014
201.53409
327.9179
473.4889
471.0843
366.67328
1040.7206
1124.2262
1004.74994
415.15295
328.87238
175.40553
475.09662
683.7737
570.91644
632.022
403.11783
317.57635
540.96564
1019.4353
1125.7762
904.7913
300.17065
181.33795
93.61199
433.3751
598.5785
494.03497
480.70947
390.65228
316.65073
445.99185
191.38353
271.5565
184.12933
185.58849
223.92488
133.3847
492.92532
703.71564
296.82965
432.02884
413.0024
387.70312
498.06015
1183.6178
1125.1359
793.5347
285.21664
298.25916
133.08339
676.72864
809.146
634.16614
654.00977
465.9046
365.2883
577.444
1369.0265
933.83185
705.3964
174.07549
176.42647
131.49792
415.1445
421.90878
317.3932
354.39825
427.31238
318.54028
698.85974
1356.8198
887.0666
604.29047
228.27916
207.78133
209.5096
400.93832
625.0559
392.30737
399.02887
630.6225
295.80005
515.97534
279.64133
103.19948
149.03079
321.66446
187.33875
146.07903
302.38654
420.94702
304.87585
358.73648
628.0306
363.15674
914.94653
1237.717
860.51544
651.8374
290.74307
172.88094
229.6191
398.1192
396.83884
345.62262
711.84186
505.9836
573.4329
916.10803
1153.2794
969.1642
641.9945
609.1297
406.3174
342.9054
408.30948
306.33633
365.03015
332.24127
297.42645
234.752
951.30023
1345.0437
894.8388
702.4612
446.05652
411.4194
312.68365
441.7342
333.01483
351.5644
378.96274
283.6296
264.30295
1059.9064
1211.8497
971.5115
668.313
359.7719
416.25616
342.27872
382.0858
319.39264
357.27692
393.12177
279.74725
324.89386
1095.6781
1277.2781
783.995
710.2837
436.90482
318.20044
469.03323
283.22974
245.72244
265.2187
450.86676
320.21
374.75232
1114.6256
1360.9037
648.80133
704.239
494.8427
246.45923
486.09583
330.225
247.51738
259.2216
419.516
316.20395
415.25052
1172.4246
1208.5284
755.6953
589.52734
597.99023
235.56268
548.5731
310.70584
334.69305
322.07
420.3484
298.96143
400.39792
1354.587
1051.7362
761.0868
613.0681
536.7865
237.04132
562.82355
295.92963
297.5446
288.9261
445.91666
285.6255
472.8886
1286.1226
1063.3268
854.2254
518.1802
455.42072
239.2104
561.25903
253.84784
227.69487
210.58328
373.04822
345.37622
557.60376
1139.5771
1171.3854
844.27325
539.2296
364.23795
282.90433
707.6322
550.4905
429.4055
451.8314
397.90927
233.66832
525.5516
1293.1486
1100.4427
764.9999
555.54767
372.69717
396.58817
702.93945
434.97455
402.9966
395.88538
425.0977
140.24318
665.17615
1238.706
1068.1365
959.4797
633.9458
328.34674
384.652
734.0969
430.7958
225.69753
297.71597
419.0882
138.11586
691.69977
1326.1782
1064.5212
574.8791
631.31964
321.5194
392.00284
728.5995
492.42517
490.60477
313.24094
413.34393
186.68663
827.67395
1162.7593
946.3052
654.409
542.38416
385.04272
399.80096
383.13196
342.79398
334.10043
369.9602
366.29788
206.51895
820.32294
1276.7803
949.58374
732.1432
454.11014
423.42783
418.77057
343.21365
264.5285
360.55203
314.95236
354.8544
192.32173
1041.956
1168.6831
954.2792
605.7777
439.1117
368.70508
455.26752
377.8778
278.14014
301.9309
405.0156
291.86816
304.5944
1138.8964
1199.3021
895.189
613.4857
414.14337
356.59552
513.68414
315.61066
264.36047
210.9537
342.7117
385.4136
309.98224
1101.645
1289.9015
853.29016
622.8706
500.3982
301.44446
474.17297
276.35114
343.8166
337.50897
393.2625
269.194
403.84668
1124.8008
1315.4545
803.4227
626.28394
561.13947
227.4556
491.2838
327.30853
338.79633
318.1789
391.08295
277.03827
439.94104
1249.3812
1247.647
798.6624
546.8757
541.2696
237.722
495.9473
309.664
367.54816
317.7284
386.47278
289.26837
452.2538
1268.6469
1117.5386
811.26953
596.8166
480.3976
242.64319
511.73813
282.94083
267.88806
231.30775
354.98727
339.51282
510.13553
1198.1415
1217.3093
784.13153
603.54425
345.8499
263.2059
487.69153
356.5966
208.4767
301.31165
369.76242
297.8091
541.1812
1285.7494
1124.5863
795.5123
573.85693
401.58298
348.9769
478.48898
386.02554
214.35645
415.90738
269.64966
285.82343
616.46313
1435.6445
1009.6226
699.0157
629.88525
310.36298
420.5505
426.68997
310.41415
311.3652
381.2559
338.56375
259.13104
673.4805
1401.8088
1047.2367
564.92944
667.0744
305.16245
386.716
439.824
269.73926
227.57344
269.53223
407.19592
227.05664
787.4233
1140.6637
1040.5939
668.38715
600.5221
360.47855
420.37674
698.96747
500.90433
477.45685
339.30283
380.3105
171.80476
836.8275
1329.0632
918.17444
744.8106
457.03357
385.15936
443.35605
665.8302
429.63794
423.99405
366.76678
322.48395
176.22713
1058.7006
1278.1139
875.0429
725.22974
418.79562
387.3543
413.1685
643.2492
387.62863
298.73416
317.43167
368.0592
204.126
1024.0614
1153.8551
1009.74426
653.3451
445.33835
457.408
503.2231
610.197
476.0302
492.03696
280.98843
341.8491
315.80435
1184.5615
1179.4297
906.0918
527.64075
465.7368
329.80634
562.33685
353.13742
312.3261
312.19617
316.859
352.59436
384.11057
1171.1163
1264.3214
805.67316
641.35785
566.06085
275.476
581.7608
294.0794
280.59973
251.19159
393.35995
344.9541
398.1458
1171.4537
997.49457
703.4
526.7412
552.12683
243.39398
495.6908
364.58234
297.33398
350.88425
399.52933
345.23676
436.55768
1430.7576
1036.0582
627.0837
554.60944
584.6584
252.356
409.30685
309.22183
272.15628
300.1203
384.75055
326.1062
435.98926
981.0527
1000.96625
596.49414
545.94666
395.97006
257.7706
483.3485
263.6179
340.52866
312.09427
345.9474
242.04703
517.9859
1161.9009
1106.6963
784.17706
540.12213
402.8367
298.2396
427.18652
379.75327
208.23306
388.0973
287.15152
293.4361
637.4273
1202.3247
1097.7927
763.14514
574.37054
409.707
392.94604
343.64233
431.9895
246.76787
453.20584
276.79626
277.36118
697.99084
1161.6046
1175.6996
714.549
605.6165
330.42847
397.8769
303.2097
367.89676
225.3998
310.06146
402.51434
249.01755
760.77234
1314.3602
1147.2836
744.4291
619.59534
298.0602
343.241
413.73367
303.27036
255.46855
282.99634
434.7062
231.09181
895.76556
1269.8684
957.9343
683.0751
563.31964
368.84915
387.6296
448.14777
310.08377
366.98334
340.1103
411.16934
274.3529
877.25775
1255.1605
984.93536
698.4424
460.15317
426.53564
355.9103
416.1096
299.4408
339.9215
421.3856
356.19467
279.17752
953.0906
1256.044
906.7927
670.46344
450.51715
395.91208
394.97137
426.04196
239.66757
231.61118
352.46097
406.8332
335.27808
936.11993
1137.0723
937.65076
653.0772
420.29785
386.0222
457.0581
640.3128
485.0282
468.52264
283.09784
362.29242
323.1515
1103.2728
1308.6224
853.7226
599.2209
494.7454
290.8231
541.25183
581.1562
497.19583
451.57635
324.57248
284.86435
399.8182
1168.404
1143.801
904.5003
603.2222
475.7156
260.63843
629.9465
537.9926
224.64963
319.4059
359.555
258.58328
415.8152
1054.5366
1030.6003
819.0392
579.96436
522.50134
233.0367
697.698
571.34235
531.78345
399.867
393.0721
288.83472
469.9041
1337.071
1014.1177
688.2433
554.9613
463.05783
234.39008
529.0874
371.4032
327.85782
388.17773
370.87634
326.2593
551.6969
1376.0804
1090.1049
764.4733
526.08246
485.6442
270.15552
565.2403
348.47705
332.05942
292.77524
299.92892
242.2235
567.6418
1380.0876
928.2609
775.2497
573.82635
361.0884
330.35098
421.4892
348.9038
334.93277
390.99686
278.62875
296.56427
612.93744
1394.5405
955.4687
581.51575
626.31244
340.10648
437.08105
387.368
362.85498
214.25993
325.37656
269.9118
244.08295
805.56915
1096.0162
1152.8905
649.45996
609.3631
327.61298
401.81445
347.22046
373.65472
380.92987
276.8673
365.02277
181.2753
796.5443
1244.0095
1038.9836
653.70074
573.66113
339.2867
347.7601
456.00827
280.56613
340.19882
265.17188
411.81134
198.13567
938.4395
1233.2548
953.9924
656.0989
563.9463
406.13428
327.7381
453.05148
310.75812
369.32355
387.23694
303.03433
254.89517
953.90424
1226.9822
848.4805
812.35016
488.66995
390.78403
305.2662
408.8096
288.66663
245.77045
394.57162
292.55182
308.67032
962.7776
1336.9708
926.4344
795.9143
383.62177
372.99246
367.68375
379.3956
258.48254
242.66852
396.12775
333.29227
325.7769
1120.3232
1251.0048
849.96844
609.7734
440.31503
339.25958
465.68417
306.78326
313.01743
363.45703
453.54907
321.84247
396.8107
1147.061
1147.4443
841.52295
647.0806
540.4802
294.67236
552.10187
366.79074
314.22842
365.46548
445.70212
268.87186
404.26987
1230.9056
1033.0989
779.33356
676.42474
460.49393
244.62816
498.06357
307.187
191.75172
280.94882
411.89304
421.09085
480.5837
1170.9004
1124.4226
741.51794
541.5597
536.4574
218.9238
782.0096
530.7409
468.6418
422.22983
323.78278
276.82593
464.02768
1197.8528
1233.4459
737.1841
537.6636
457.12207
254.40509
693.1346
499.8592
441.67758
378.1434
341.49112
254.37456
540.429
1260.7522
1137.1566
919.0481
593.6633
368.77814
267.27286
718.1541
546.1845
191.87604
324.041
298.42917
257.82626
565.68677
1033.5546
975.27313
733.3836
584.70264
347.38547
376.98178
638.66956
593.1264
389.34354
441.31915
415.59845
181.74072
682.1644
1455.0251
986.4308
604.3301
601.18713
320.01144
405.72717
384.20215
400.73123
366.0132
381.3635
466.00034
225.88023
816.10925
1455.6915
1091.9386
627.08606
612.782
381.16925
413.00497
397.08997
363.29855
313.07224
364.3947
341.7763
177.0447
881.60547
1264.9563
923.6184
664.28534
617.2947
395.88376
351.26028
394.71548
326.58398
374.40002
379.44934
387.05588
220.84776
918.47754
1291.7012
745.35315
707.4763
496.5908
392.81277
426.6699
407.60175
251.23639
191.27362
363.4579
302.1993
218.16357
1031.4684
1163.2317
888.3739
634.0706
407.20905
399.02075
382.84128
352.98575
316.21985
350.78635
381.90823
262.3686
268.46875
1078.1644
1160.3658
917.44763
580.7694
363.12537
394.61615
481.58878
304.4288
280.70493
320.1814
385.54437
285.3835
337.6215
1039.7957
1233.5171
811.74097
636.3214
446.0948
307.6406
497.75223
329.9466
298.33746
334.2779
409.21982
287.05338
367.26013
1042.6842
1104.7631
834.1792
639.9436
533.6589
215.01387
519.88806
316.66498
205.89842
239.57004
422.78778
334.69482
415.43527
1107.5404
1262.9216
845.02673
562.3799
503.5549
217.24237
545.3062
294.44754
245.84355
239.42487
365.67175
317.78064
437.38873
1256.2699
1126.2484
712.8581
593.08203
486.889
229.79182
553.9292
307.6659
348.04544
296.34442
415.67828
340.7795
487.91608
1288.7906
918.8975
733.15015
510.9793
521.73395
267.52936
577.0405
282.11453
337.27454
338.4034
436.27194
304.744
506.79312
1411.5084
807.8162
793.3379
576.923
358.86618
337.72714
484.33612
308.63007
215.86064
289.0931
333.73688
362.1486
655.7746
999.3371
1108.0327
634.54425
570.7614
382.3786
426.8647
647.9771
445.38135
401.2473
409.5377
465.00192
165.23167
735.2401
1256.1896
1018.3512
585.5219
584.9347
345.26224
436.65417
656.2328
420.55304
455.88486
288.55487
446.6269
153.11107
803.2844
1224.2206
974.5663
697.87427
591.54675
359.70758
410.42007
655.47687
387.70743
270.34662
311.74826
367.1422
210.82655
725.18463
1195.7751
818.4538
720.1054
458.29596
372.38477
457.21597
647.7437
419.90817
480.45502
407.64603
335.3511
192.32425
1069.6023
1112.1637
845.43866
667.2533
417.9465
388.29025
450.61224
421.0307
220.45488
390.0389
380.77502
423.59842
315.5146
1088.5453
1242.2085
977.9722
603.40515
432.5825
380.1365
546.1362
349.77365
268.4285
263.29874
346.00854
341.62808
316.13943
1091.4917
1143.1447
828.94006
547.16345
419.7006
345.49194
496.72305
303.96133
298.43173
290.3592
376.84714
337.18777
388.22696
1107.0238
1110.7708
719.0633
584.6005
489.03214
253.11154
597.5446
354.19397
235.61342
158.56387
304.5467
301.82935
392.34598
1140.2144
1141.015
739.05914
545.0845
556.35736
225.96092
518.38715
274.5809
325.92474
331.17886
376.27936
277.3501
371.74533
1213.9866
1147.7644
749.61896
535.06116
509.06418
231.8032
526.42206
258.6658
356.34772
255.41856
362.99075
304.9772
432.28845
1265.5548
1164.06
695.6866
603.5437
481.0855
245.47937
486.0776
332.48767
346.68387
331.06046
318.87332
298.3977
534.2681
1163.916
1133.3936
770.9932
602.2855
414.7058
272.83353
446.2482
364.0253
179.14223
367.57584
215.4594
323.3499
616.70654
1180.9275
1137.3002
759.0047
595.77936
360.424
393.65036
329.5258
391.25684
201.16824
344.70755
319.3527
299.37708
627.50134
1241.4215
1066.4811
623.458
536.3301
385.1385
451.91293
378.28503
404.7697
310.158
364.02902
404.61456
265.35406
701.80414
1298.9894
934.7861
630.7593
534.68414
393.44318
416.20782
451.2098
325.27515
333.8182
363.70108
412.4365
216.24532
844.3825
1205.1396
923.35876
686.05225
499.70584
378.08478
418.4283
400.53064
279.8162
245.94072
345.02277
425.17044
243.39105
870.5893
1142.2054
857.5312
663.9871
432.0895
394.41837
481.6897
646.6716
460.69263
471.53934
384.76498
321.31326
191.65247
975.34644
1317.1543
921.36127
634.7076
403.46594
423.0662
479.3856
580.74744
464.54312
430.00424
387.09418
315.7242
238.13737
1060.0105
1217.4922
901.4971
704.4271
402.48172
365.40845
496.15808
596.6928
307.13022
311.8152
258.5263
379.56827
354.37143
943.36
1184.1678
793.4335
578.8408
457.8164
271.0804
576.486
577.4149
477.77246
494.65842
305.3175
338.86075
396.56793
1230.9592
1053.1115
785.16315
528.3437
525.0641
210.13097
600.0083
362.31854
337.04584
265.47037
437.23053
309.95682
489.0849
1268.7917
1187.8484
730.9026
629.3885
534.7036
215.36575
601.0403
325.0731
254.47893
289.52313
296.1392
309.45822
446.9666
1283.5632
936.1294
613.46576
531.41583
518.38434
235.70505
464.15567
324.9746
328.22482
384.891
354.07306
348.66168
514.9064
1427.813
744.1404
655.77924
598.83624
411.38315
285.42627
406.36966
341.3151
273.70654
357.44095
233.06813
283.79456
501.5297
901.8123
801.9723
573.7956
486.40646
345.07892
283.00684
386.60898
379.07257
314.6272
281.18735
276.60037
149.893
596.0361
1059.1334
944.52344
609.10596
524.37854
326.97577
362.98203
339.17313
429.5884
276.7366
325.09842
302.18915
155.98958
690.6721
1065.0947
1105.7968
676.47253
610.89453
341.44794
393.80185
346.11826
414.04807
372.63052
334.11252
287.94623
182.67894
695.096
1136.6777
1022.853
788.47974
613.3894
321.49777
422.125
410.24194
338.2625
274.82733
305.27554
302.106
175.38518
882.12494
1250.714
980.40515
735.6447
521.3624
353.55713
357.42465
417.719
307.62076
260.7015
376.5339
268.00943
157.44415
932.6902
1221.3861
859.3568
721.4162
458.52435
390.4871
311.48615
406.83344
343.19974
362.47968
380.6393
226.96268
176.24275
976.82416
1171.5083
1022.8845
699.6869
484.6492
399.5524
359.13617
384.8845
382.7327
318.50085
319.74487
216.21185
208.10081
1022.60675
1078.6902
783.64636
608.7034
434.25122
340.15744
385.6351
464.19235
432.38306
235.34708
234.89943
270.26483
298.4655
1050.2695
1187.8861
944.1431
622.09375
523.97266
270.03464
447.60553
394.99875
387.08258
380.73737
255.43431
252.0733
294.55875
971.17737
1200.325
731.88306
589.2421
455.09293
283.6862
513.01227
340.2703
348.1818
353.86737
281.21616
198.61493
378.5469
1212.1676
1196.9873
724.9801
607.8797
527.1685
253.83577
436.41498
331.00208
232.50645
237.82768
258.92578
229.32666
439.01523
1076.6427
1210.0941
761.16144
581.9686
499.66568
265.76166
473.3557
414.37436
367.37466
351.33554
188.62181
205.1171
409.83734
1353.7429
864.69446
649.53937
535.98474
394.0396
337.5199
457.69748
383.6937
431.53308
387.13998
289.02957
183.06035
568.9061
1375.386
900.57666
788.12335
636.4285
349.68445
393.39996
305.06815
338.12982
302.0057
336.18607
223.72401
172.0229
584.95074
1298.6644
906.70844
695.3574
617.9033
325.3604
356.9267
384.87415
374.5258
429.591
323.9305
211.1853
185.34834
617.67816
1254.1014
836.0987
711.17267
599.8392
322.291
380.63187
365.616
288.69098
270.55826
280.18546
202.00766
226.26898
822.31494
1063.343
970.8334
718.41943
622.9105
366.75327
390.22235
402.34595
351.58447
435.67624
351.66553
227.47806
119.34821
920.5033
1242.3756
842.3469
678.604
468.48233
394.5581
385.74503
404.99115
334.8331
364.91785
360.85547
187.59628
134.88953
1001.7959
1192.787
890.973
761.0029
415.0015
432.23547
376.538
438.22763
376.76117
332.53003
374.58655
252.26749
158.34929
1007.7697
1166.7504
802.74176
758.30695
443.24918
360.22882
435.30676
412.51865
304.9313
244.65361
351.5105
291.8842
213.43027
1063.1066
1331.9941
713.7602
662.55786
456.21445
287.38242
436.1053
380.67123
328.63474
252.73666
358.3572
263.37823
270.4387
1084.9786
1124.2743
777.30505
629.15424
560.69324
240.41733
409.13495
396.87802
316.23422
347.38867
350.99582
219.06526
311.022
1143.62
1135.5571
800.51807
632.85266
561.9404
223.11511
473.01526
317.55457
412.43695
284.22818
315.27536
196.00388
334.4752
1266.0619
864.8016
774.2579
469.9822
538.02783
258.33902
447.55643
501.01825
403.36917
253.5714
239.09535
201.02066
515.4325
1049.4028
1206.3829
866.2927
568.49817
441.48407
260.30362
489.33707
389.09607
383.8604
383.08917
185.11613
213.63722
479.31735
1194.81
1116.4038
641.7053
600.32794
373.66147
369.44766
384.22894
399.9185
366.52078
340.47186
197.36948
182.79994
642.5195
1018.36536
1182.2476
741.51654
679.14526
321.0835
386.5593
334.38058
381.95822
178.22801
324.20633
216.66853
228.70908
677.06714
1154.0988
1085.533
646.1781
645.4983
332.96304
397.88657
333.68622
509.82648
328.68503
286.3106
197.13911
207.71082
684.6072
1288.4215
829.3155
539.09125
584.78326
370.12793
371.9052
411.89886
439.40863
422.7895
371.97595
265.54938
204.2312
872.48663
1229.1268
887.0433
726.5636
527.21893
417.11124
335.82953
332.1497
312.76157
322.3586
291.9768
237.36813
167.23322
915.2698
1229.4133
862.2997
711.7489
463.8587
383.8689
352.41617
491.29044
318.79123
390.72812
354.13168
261.2987
168.3983
1114.1989
1169.6029
871.4051
721.2438
418.48938
426.76187
346.55466
472.8859
261.362
311.2065
384.3043
239.54077
252.68315
987.1429
1023.54834
798.56683
623.03265
481.61966
345.9599
482.70572
341.65845
348.71585
372.27878
450.85843
262.40393
353.69144
1069.5217
1125.7993
734.32367
586.72064
469.02173
208.16148
509.62753
320.75983
360.17252
336.53262
456.96176
284.87476
431.26852
1168.5233
1105.1691
771.1247
628.8388
574.381
210.39598
530.2301
319.59866
313.30817
283.9058
386.85776
311.29346
418.2673
1142.1573
1116.196
714.88306
595.9832
562.13916
220.43507
515.5938
322.86508
329.58618
248.27058
417.59167
385.55377
402.86954
1199.9963
1190.3558
732.82513
551.3042
426.50543
214.5136
478.7468
331.4256
274.6994
344.95642
353.68945
345.82925
620.5076
1159.8834
1052.4899
656.70276
640.36975
466.443
266.70074
505.34692
366.00125
267.34845
453.0892
286.3334
335.05136
628.17145
1339.9246
969.4211
720.45245
653.39685
386.79498
399.99432
460.85086
347.11154
349.8218
439.38776
349.78503
301.3318
621.07513
1343.2612
890.25323
568.55853
582.1098
389.29892
421.92133
682.65204
563.6561
506.3691
397.103
378.4005
274.28537
854.93146
1170.1215
1004.4144
589.6796
596.197
363.7678
365.7475
555.96216
583.8211
573.2275
215.9605
444.93143
158.36438
843.45935
1121.5626
907.0395
580.30304
492.30252
411.88956
395.04193
615.87537
588.6154
481.58008
353.4612
346.50653
182.3572
1053.5913
1171.4637
919.20074
667.54004
444.2246
422.51044
369.96112
634.18915
335.55405
278.5996
278.0733
308.96085
220.12296
1070.4172
1157.4108
917.57776
672.52155
395.0748
446.86993
416.67517
705.6446
549.2555
586.5663
273.857
405.47903
237.71574
1152.3284
1081.9753
855.59766
541.91876
408.60425
367.53864
514.8783
330.54773
362.62695
386.6496
419.91968
393.8422
401.2119
1203.0122
1189.0624
804.2902
590.47723
451.33157
296.83624
527.187
328.10748
260.8521
387.04276
366.13434
349.66684
424.21835
1272.6528
968.15643
796.21106
609.4195
535.7506
207.57039
518.41516
335.69055
395.66727
305.85538
407.21225
316.70203
464.06198
1280.9017
1003.6862
694.2839
687.4768
552.28296
207.26776
449.80676
337.74594
258.18387
158.32693
315.5871
352.72275
349.26483
335.09967
224.70198
159.54883
198.9957
173.60413
52.355118
398.73483
339.4319
327.01938
393.21805
283.22498
310.83322
188.63885
177.48169
93.34312
60.48187
197.405
139.0852
35.390488
386.87772
326.97842
351.58502
533.5648
369.419
225.11293
248.01581
325.42285
194.28445
197.77899
246.07233
112.88378
93.46257
351.6591
293.5294
245.6088
429.5335
294.40988
285.82532
245.39966
207.34843
204.81883
150.23181
266.20993
88.7949
117.308136
325.7166
394.2932
220.55154
543.5677
478.8813
208.79626
314.66327
248.97192
203.13734
261.6467
224.87302
109.754326
123.22506
387.15
285.65442
174.7176
458.5728
425.73242
243.07487
239.40804
207.17833
133.14438
248.73257
160.3741
104.61355
126.42052
432.17648
323.64444
282.4506
576.1441
417.4795
252.17117
334.70322
217.7488
202.44817
179.34244
300.30054
94.67894
136.64758
456.00208
354.0301
276.96918
507.31824
376.7056
304.104
276.7951
187.7444
142.89735
340.44025
181.92453
104.13014
350.2272
621.0653
578.4665
475.82556
353.31235
354.53
362.2538
480.8787
337.16174
298.75723
263.25244
232.79184
101.538666
231.8197
616.66223
542.2796
397.83316
341.78738
345.27
365.93915
174.75262
264.79407
91.21911
138.3791
206.36609
93.16991
279.95483
599.0098
723.91376
472.93436
467.5243
407.80682
390.29712
312.56305
356.5206
446.05914
169.50461
245.75835
76.44729
260.5102
631.9298
417.61215
278.9698
407.53226
446.33026
351.74442
354.20047
332.80487
294.03568
152.29395
200.45856
55.57094
416.77023
650.5899
631.79895
490.45074
530.1113
399.26816
284.31888
232.54886
155.5947
193.44957
215.75232
221.37814
115.505516
346.8121
324.14636
315.02145
366.43732
406.49393
625.4599
289.0642
332.79285
187.71808
186.21312
336.60828
134.67764
42.42464
347.66702
373.1139
298.39252
531.5671
386.4743
295.5572
425.65393
352.81726
205.10048
238.6525
251.27946
157.88655
127.233246
377.55856
384.21594
353.96204
506.36105
459.03342
320.13284
443.0839
348.25827
372.7016
500.6345
336.58127
237.10385
185.82915
433.9267
257.81204
312.19843
397.09393
277.63565
271.076
715.8243
1143.091
919.9679
540.67145
516.59033
375.05762
404.06143
266.03632
430.60712
346.87332
283.63455
362.7076
220.60396
776.1746
1187.9525
991.0313
625.7524
546.91815
326.60745
367.41818
400.48157
325.2199
348.95132
230.64478
409.59204
202.18144
878.1596
1157.7699
1059.1034
661.4678
566.02026
368.10355
355.81607
448.46246
292.06528
373.9876
338.64584
363.3801
218.17038
923.8441
1242.8134
888.0183
774.0102
511.48117
372.76132
312.82108
392.2589
282.55835
246.09709
394.90704
299.8983
304.6158
987.61127
1307.6581
902.4319
832.0917
402.51685
397.74963
324.71912
441.89227
253.61253
243.4022
370.0289
303.9425
317.29492
1114.9817
1268.9775
895.1859
626.18915
414.44968
373.2842
487.16025
323.2382
320.28745
348.1702
466.9272
308.23044
376.92035
1061.2179
1236.519
833.81335
612.2293
465.56714
360.39746
529.77496
382.29526
314.29715
363.55023
394.74246
220.09706
395.42972
1216.5553
1096.679
760.8375
675.70557
452.1388
251.79568
483.10043
344.87622
186.7001
294.40308
360.97272
413.92587
463.75027
1107.7117
1142.5885
778.003
588.3179
503.37964
226.15778
717.2645
563.4037
428.46887
454.99768
331.74722
286.69196
463.3225
1235.5364
1169.3204
700.1072
531.37775
524.5483
218.45602
684.14514
514.0765
486.66373
349.4134
368.10175
236.8418
510.32993
1210.057
1182.95
874.9412
576.2489
420.7125
290.35303
677.0697
526.90985
196.36752
316.45148
295.26437
265.25937
507.63803
1217.0656
1005.97614
840.4519
586.03284
356.68774
317.5579
655.61914
617.9316
380.9871
439.488
378.60934
192.008
615.8841
1442.3861
972.3855
696.99786
600.1899
313.73288
470.83572
339.76312
446.93143
360.72888
391.37082
454.76486
241.57565
846.10913
1385.3474
1122.5487
619.93524
595.73926
378.8036
433.37427
402.46014
361.39746
342.99594
372.62653
320.5932
197.23604
840.04333
1387.954
969.6877
642.8476
593.5704
390.05627
362.70602
371.39017
350.47235
402.34467
393.92712
356.70065
214.51636
901.4651
1256.2455
854.71423
799.0548
523.46027
351.1087
453.84384
363.14658
300.63782
187.10422
380.42465
306.30206
196.09044
1045.9585
1280.61
920.0364
701.7029
469.1071
396.1889
327.27405
386.61517
328.7829
366.83926
403.76627
250.90681
268.90878
1064.6289
1261.7734
969.119
643.8205
380.10498
413.6301
352.71124
359.80298
301.71423
340.36874
376.10825
286.61783
323.54474
1106.6852
1257.1548
871.7339
662.8273
439.3316
366.9077
455.10895
304.92505
327.2305
336.1759
414.6932
282.9359
367.36484
1075.542
1270.0762
786.6904
682.6087
498.8154
253.62315
471.14728
297.30872
237.06364
231.36273
434.70154
337.7192
394.41962
1169.7668
1319.1758
880.52655
609.2497
511.132
248.45505
497.4245
314.25253
218.289
278.5443
365.25195
331.24097
386.8243
1301.0929
1199.7257
731.67175
547.9832
556.50977
232.03865
569.0458
295.55304
360.23022
310.23282
418.00708
350.3982
445.55103
1325.2098
1008.28534
729.26373
567.0973
518.99774
261.28934
528.76715
248.95093
332.20404
311.3667
504.27335
273.78506
523.50696
1427.91
911.2973
853.7606
567.5922
350.37405
305.33176
544.1764
294.5411
196.2489
278.9867
383.76816
370.41116
660.1665
1113.0797
1074.9346
762.9295
561.0644
371.41016
327.2228
681.02545
522.05927
399.18295
436.0708
438.97864
150.57355
655.03625
1222.1875
1178.4861
657.5077
576.6045
323.97156
429.63617
685.08014
419.57187
449.53018
347.67453
455.69113
173.4328
745.6233
1323.6594
1117.1378
700.72723
651.6847
303.9617
380.90356
670.65466
434.72122
318.82108
268.25314
407.29608
208.62042
815.0235
994.3678
948.97076
696.4348
545.41797
375.00226
362.94952
765.9955
457.61526
490.53207
477.40143
363.12045
219.1777
959.8317
1336.0981
828.72144
670.75085
452.288
389.45926
392.81204
431.84192
245.9023
446.98636
384.92822
418.72235
281.37177
1124.5293
1204.8878
987.38635
649.84906
455.2422
373.87228
499.70734
374.89325
304.9332
291.1194
351.76605
350.7772
276.3258
1154.9829
1203.9961
933.09375
596.03625
454.98825
365.3785
409.3485
335.27692
338.0106
408.68765
380.36777
361.85138
340.73386
1174.9244
1229.8715
715.82806
650.3719
545.6348
289.09103
435.9819
345.56622
256.5514
248.06543
334.69788
338.47397
344.05734
1100.1351
1207.8344
786.7979
553.80115
529.13684
277.99463
599.7048
301.84268
359.91733
283.02197
355.7312
245.81047
426.65805
1229.2379
1235.5897
785.03345
570.54065
610.35455
284.21957
582.62885
326.5729
347.33856
280.926
395.18912
371.37927
507.5324
1208.4773
1228.9315
667.5104
569.6125
548.9955
282.1356
451.97034
434.60168
392.64838
268.77402
466.61377
355.73254
519.8633
1025.741
1122.7511
753.7776
714.22687
483.88272
301.61307
472.8719
401.78162
234.70482
414.56363
349.23672
376.08798
568.9876
1193.7186
1121.1108
871.8847
636.7612
421.1591
396.68097
453.9539
413.91263
199.90521
436.88297
323.0464
300.2507
712.9085
1259.0609
1085.3951
683.12036
584.9849
399.74896
410.4342
367.27966
409.40515
275.22888
397.48956
349.6743
286.50494
663.3994
1254.317
937.9742
649.3834
549.8757
398.19824
425.82187
453.41556
332.0173
411.92477
379.6149
369.91263
247.63911
772.4581
1268.2423
990.1207
615.5941
579.16675
372.04932
402.1186
396.91
313.41238
287.47592
332.05066
446.7091
198.07483
890.08295
1177.258
983.4752
698.021
497.77887
405.29562
465.25586
673.4087
476.41943
471.07205
445.7494
351.64444
232.26944
1010.1914
1243.0465
936.4078
724.73724
430.49222
419.10452
394.946
655.69543
467.56305
459.5246
386.91043
321.32532
227.73317
982.9966
1229.4326
862.5361
763.4228
400.88638
394.89658
519.64355
558.41815
332.5841
314.64792
299.7252
356.18607
325.83453
895.94574
1072.0286
849.5555
618.3487
441.99448
314.7255
501.05148
634.34827
503.63733
481.01602
257.27542
360.15472
392.2116
1110.2366
1123.9779
758.6861
542.6158
470.14456
257.24493
613.76355
390.9889
310.9148
322.6668
447.083
364.4934
535.92206
1255.1355
1118.3319
828.76697
642.2088
548.283
235.73473
568.729
354.58823
279.60635
304.2411
332.07162
285.95996
450.2
1261.503
961.74713
645.3207
555.155
488.85428
224.5175
542.4804
372.31973
313.80936
363.16208
262.0145
319.301
462.13867
1299.3448
953.89545
769.76697
522.3194
486.43646
268.45987
539.502
346.5225
238.22472
329.49127
182.78201
296.68344
552.07654
893.3691
961.0683
633.5206
587.74335
415.05814
274.20148
426.19852
381.25635
350.67667
407.91583
289.5584
288.74985
615.43085
1139.9388
894.7069
585.3047
488.70187
341.021
363.64835
363.06787
392.93326
296.7935
349.6038
290.54944
294.57913
679.6734
1060.4758
1034.7106
577.6507
562.6228
396.2919
406.5139
296.0646
387.42462
295.6933
318.08273
334.03415
208.51944
703.1183
1057.7345
935.1519
642.96747
607.4993
326.20364
371.3668
404.98578
300.44794
295.87946
291.17392
411.4558
224.25526
838.9981
959.26587
914.75775
581.0585
488.66382
323.96988
302.74933
388.88443
247.27501
269.07895
313.2732
361.6561
239.43484
861.29224
1311.7822
771.2009
656.64276
458.34372
394.50052
361.15872
400.76028
290.79166
314.97284
362.3027
294.3351
306.75095
980.5029
1161.005
893.9617
659.96783
412.00952
398.50946
430.81982
440.2139
297.46255
340.36584
426.7089
329.05533
313.85327
1027.3516
991.785
777.45294
583.0638
360.26477
339.1829
552.20996
589.2771
448.08105
385.69113
337.82568
428.56216
383.53986
886.2085
981.59283
872.1445
605.08655
466.52798
262.3054
540.8591
699.04865
490.0564
582.4146
292.85614
271.5493
348.37122
1054.9211
1110.2406
757.7191
571.41394
435.10614
264.76117
590.3643
620.4734
370.39594
537.82227
362.619
247.80435
472.472
1113.3322
1080.8378
794.0024
566.82227
521.744
216.24709
698.02893
527.50433
246.38707
272.22012
297.40662
259.09564
457.13153
1138.2379
976.77997
690.1012
509.98447
540.5451
204.8131
630.3774
529.21796
491.0337
413.7641
373.4835
292.2029
456.76938
1207.4645
787.65344
620.523
457.90344
413.5345
267.9443
528.8316
405.075
370.80795
396.27655
352.53644
327.85367
639.2439
1461.2782
887.94794
752.6722
583.7776
384.9013
356.61417
416.77606
285.39197
305.89447
345.3112
275.95773
263.68295
626.3371
1067.0284
733.1061
529.3582
559.1174
336.98062
366.47238
376.3121
427.2728
319.26382
380.01013
387.89474
197.3327
789.35645
1241.747
703.4671
607.0864
558.9298
338.10138
397.76236
289.4883
311.58646
243.57298
391.4824
339.98932
228.85745
216.98874
173.81418
57.87195
57.958714
116.650955
63.683304
142.25296
293.06018
314.3687
343.81274
292.58383
180.33781
108.04309
163.03012
179.63547
49.478447
74.38294
96.7085
63.409237
123.37197
261.72775
236.94913
240.3707
215.70586
155.92978
83.9561
134.37982
113.08725
35.552067
96.851524
143.45428
35.50605
107.817825
234.09483
248.24345
243.04681
246.13802
187.76476
112.353004
188.54715
183.18036
146.64833
143.39348
133.64832
22.79581
129.72318
237.6556
174.65207
135.88321
175.26202
138.49332
76.97277
136.59381
122.85673
110.83686
121.09691
107.217476
27.736618
165.66228
290.3639
242.09465
151.69223
163.63763
166.16287
164.48425
270.4043
210.59465
69.520676
99.790344
110.91985
33.430927
216.86803
286.48453
256.13513
262.42673
224.02637
112.594604
90.44763
149.92383
104.6715
39.279026
111.42982
100.87533
42.87367
137.67667
197.49136
197.00793
192.21786
205.64082
103.43528
132.91707
116.85217
146.52298
126.44231
106.39093
76.144806
18.173635
140.97034
178.77278
112.09154
133.21875
200.3311
116.69319
112.12213
138.46729
77.10999
37.235077
98.13308
65.55175
19.496593
170.7512
138.65443
172.55728
171.87599
149.96036
127.29296
143.63145
103.212234
76.3462
43.934784
78.70043
60.91214
24.085924
156.91759
150.43901
142.78476
157.60635
156.0973
124.06338
148.30273
133.61497
92.07075
104.01155
118.091484
49.111103
46.72784
152.79095
152.34586
87.43122
131.3925
169.57489
95.56071
156.38942
137.09302
65.20703
72.67329
94.66987
56.85508
41.511173
158.1582
147.4213
143.46411
158.6835
174.99399
115.63051
172.63164
155.46817
75.42534
62.43511
112.27735
62.668716
76.77868
163.5179
182.57814
156.24352
160.04752
132.6639
102.85172
144.18127
135.86143
56.701202
82.364525
104.03249
49.31322
86.855354
174.12
166.8435
177.28542
171.18692
124.16045
101.273895
145.73485
122.608246
48.680054
61.16671
86.181465
41.18522
101.4038
203.02704
214.74304
218.56902
202.34633
137.03444
115.13011
152.13737
124.635086
94.694984
94.78906
76.10083
27.55229
117.49289
209.95062
185.93869
160.92104
219.02113
170.69897
115.651985
165.6698
150.02065
46.616905
94.14852
99.10897
30.81086
176.74663
256.1785
258.0599
286.401
290.00385
143.37404
99.24698
184.19527
138.80981
39.49856
103.476074
104.42477
30.043665
161.67603
231.54724
227.48602
204.46123
212.96123
108.05581
92.04417
155.1218
109.813835
28.005608
106.55227
103.107475
28.491726
209.66467
241.43066
240.29893
234.29376
218.35147
116.74066
127.87446
186.10434
161.02406
150.16492
135.0451
77.45213
17.293926
221.43642
235.42883
132.85452
143.15115
171.44447
122.1055
106.40499
140.38522
120.84981
125.793625
123.13004
74.63701
19.794569
246.22498
269.75592
160.25093
146.40825
161.13374
155.99387
201.98871
244.08588
154.7338
60.924076
103.97284
79.65757
23.969374
264.4064
290.29337
300.28925
253.14561
213.4069
90.04497
97.60883
140.51562
78.78374
57.113625
109.637276
89.75699
36.128815
172.42377
236.99179
168.53204
246.21292
132.86275
100.81828
123.484886
128.16203
134.90323
112.095024
108.57674
42.003426
29.900917
149.48969
170.90825
100.72785
182.39511
179.51306
125.98613
110.576744
112.812775
76.19307
60.13781
82.19748
68.399826
72.55851
150.66483
158.6172
168.00047
141.12157
156.29448
98.6014
147.25699
117.26134
48.363853
51.60987
92.08299
53.07261
64.24522
150.56694
161.63069
166.07541
161.13812
151.40092
134.5694
121.68519
136.59122
105.99172
106.20579
89.24626
38.029797
93.54662
132.10388
119.50368
100.5477
149.31912
141.47894
132.86314
145.7306
108.08874
68.5593
88.61271
76.64411
46.349255
96.69671
138.05049
133.63739
173.27512
171.84349
143.17567
159.69373
145.97285
154.04213
55.333187
78.51933
98.45471
46.098713
93.354774
174.31477
201.53404
170.94507
186.29626
96.28012
106.84504
158.02428
118.376045
45.308117
100.81928
90.546
29.1662
111.017654
184.40459
163.27498
189.01785
175.99709
119.885056
99.22473
156.20587
104.295456
34.806274
85.579506
84.554474
23.384779
170.82915
189.63495
230.64441
217.80441
215.56308
142.97577
124.81099
188.27512
115.38469
97.41283
121.78429
68.42827
26.022785
264.7087
173.38031
169.3904
253.52606
219.55043
168.75143
247.89375
1169.1342
901.6366
750.2776
563.306
425.09546
272.27713
363.74472
303.4983
341.21207
409.86874
304.11584
237.0115
329.09088
1271.2021
1116.7485
733.88153
582.3608
381.99924
295.281
377.0091
297.32712
292.34607
388.68484
304.21216
239.77264
390.5003
1378.0723
1142.6177
694.9882
616.5798
362.01993
333.99875
360.22903
309.09134
326.89
359.20282
290.4479
236.31805
402.70624
1345.7477
939.7736
658.87286
578.44696
368.49344
372.7783
326.6322
240.53018
300.9999
334.19324
365.1613
271.36673
493.80453
1367.5251
947.9748
542.8332
601.19574
395.2257
308.51462
326.48938
258.7014
312.46902
307.76346
335.92554
279.8041
551.2122
1395.0542
982.5472
590.4951
487.91476
411.6155
322.60864
359.84235
275.01746
383.11472
338.1478
336.3038
195.87527
552.5069
1172.6228
845.5033
696.7233
396.1224
418.28308
323.4076
385.9559
254.92593
394.53113
305.98233
317.25183
203.32053
607.78217
1164.4083
901.3419
706.4812
459.85013
354.393
378.1287
333.74606
232.05518
272.0471
286.84045
266.54736
202.33122
659.6367
1323.16
933.6881
590.32434
403.44406
289.66034
449.09915
485.20908
368.4232
307.58157
372.69455
294.3222
230.59013
741.8805
1267.326
924.43286
543.3206
450.66464
248.63754
499.80234
400.36115
409.83975
395.9392
280.11636
310.59998
343.3871
682.4626
1303.2526
902.41864
602.31573
542.10114
241.61644
539.7149
418.7186
286.2059
249.71602
283.49945
311.94595
354.28796
805.3108
1172.4741
787.3937
508.28696
484.35907
227.96342
522.7638
406.73425
415.65915
363.41388
349.9516
239.8274
321.45245
784.8767
1134.176
823.3456
586.3493
488.11664
274.37753
383.77414
279.1154
266.97586
326.8842
290.90222
220.42358
313.14008
884.48303
1113.7611
758.9646
600.01776
417.83768
283.6341
373.52698
285.101
272.2811
318.6222
316.59686
253.57336
378.46216
920.5458
1011.8967
671.61804
523.80005
376.38736
306.72177
360.56458
294.42264
324.93036
280.7296
307.95377
247.46696
402.6121
1029.249
1070.3973
736.7656
585.7812
333.3466
344.39722
316.19528
285.6708
251.05656
291.30988
320.71683
258.1795
480.11917
1033.3153
664.6039
597.3796
553.8829
371.9172
325.5234
297.90366
292.98172
403.86624
342.01312
317.63007
249.38115
462.15527
1293.0647
852.6434
545.8762
495.15347
387.82227
302.13202
300.03754
269.55518
346.88898
345.53583
320.38394
230.2659
573.7136
1398.1311
881.7688
617.7806
489.90097
426.32468
287.28482
352.1157
269.91882
299.84442
301.36792
282.55847
183.68297
628.8833
1117.3586
673.1116
621.02185
421.99762
393.86072
288.42035
331.09985
268.76733
272.6131
337.4378
375.09723
200.48334
692.45245
951.83624
732.91766
635.3177
344.2249
282.99567
336.29855
269.32767
284.23254
261.53748
339.75977
299.39642
193.77362
805.2023
1147.8066
766.0044
579.09906
505.02206
275.6982
413.0945
265.49606
288.537
237.4541
390.35608
268.08502
230.34868
673.40015
1045.8163
877.6926
519.2189
542.5377
221.2982
491.73737
259.73917
300.24316
315.31052
349.67206
247.36035
243.05345
758.5025
1069.1172
707.6604
487.14545
502.51184
220.32217
535.36316
322.04153
314.48022
297.61652
366.86093
251.07632
304.56424
730.9429
1053.0244
758.6877
548.4759
437.38312
242.4141
509.76492
358.47864
387.8385
382.06146
383.80792
249.17755
311.2493
864.45105
926.51587
702.09503
481.53067
331.9853
248.48817
484.43918
425.88275
359.9748
388.19287
386.8801
240.01302
419.20663
869.0344
1167.9652
721.13135
588.5667
384.19336
319.34616
508.8866
274.81525
231.45918
234.99823
345.7616
253.04813
413.95593
1002.9535
1025.1152
665.6507
534.75055
336.6762
323.54623
529.9828
383.77673
326.42236
305.54535
339.97833
296.1795
338.0785
937.4294
863.76776
592.51227
569.4921
361.95123
339.8627
269.3217
287.48172
290.7777
299.42886
270.0854
231.13623
435.7459
920.639
760.4969
553.8084
551.63434
416.0864
313.2363
321.39227
177.55121
271.1528
266.5611
235.24954
239.73303
494.52603
903.4318
705.5913
481.9047
405.74655
369.07532
258.2923
293.36035
241.64906
282.60034
296.62384
280.68668
218.55006
515.9861
839.24585
723.7666
589.6263
402.49414
381.4462
302.13763
302.1106
220.52623
239.19106
346.3685
358.02408
165.41714
707.2701
1239.2284
820.9105
662.24713
398.7386
392.30124
365.80136
384.48547
373.96805
297.66364
275.4597
272.36716
203.79951
819.3126
1252.0798
937.8376
587.69604
427.00226
340.3147
376.17297
253.10223
324.6515
292.28537
368.11993
312.1591
201.48476
940.1464
1272.2957
904.57794
539.4298
510.23993
255.19151
396.27765
243.70522
331.8541
300.6953
420.73636
256.3497
218.0238
892.84576
1174.362
771.4065
526.7525
493.66888
254.1397
391.25528
293.24738
207.09824
303.2267
411.6539
325.6472
275.6143
1192.8403
1115.2227
794.9249
592.98315
547.35876
282.77142
411.50473
406.70004
247.09996
295.9693
383.88834
270.12732
269.50824
1185.5143
1176.2787
829.5835
578.03564
479.32095
297.521
336.4727
272.50082
304.78806
421.96246
387.46017
311.6062
386.90607
926.47156
1226.1233
877.05316
587.5909
376.69485
365.75098
405.11728
278.82944
298.51758
455.00162
282.19672
269.25735
413.64673
1060.4142
1180.6559
877.4662
554.0905
331.7807
301.6801
412.66666
214.04565
257.7017
430.41156
239.24704
309.20667
389.20224
1113.8843
1158.7483
721.296
614.3172
375.74362
320.48764
530.9768
383.7874
308.2622
283.46567
325.07886
299.725
425.4933
1198.5818
1092.2382
705.3704
579.3964
388.69846
325.1782
461.2288
351.0029
305.4149
368.09265
282.8203
312.60037
530.19604
1182.1409
1114.3604
631.4701
550.1659
374.8769
337.8953
478.92322
369.15125
205.94247
352.36624
305.22092
321.1513
476.03732
1164.0972
1037.787
703.87585
448.59045
409.99686
306.8258
587.0709
403.48053
359.3832
248.71536
293.06036
257.80258
679.3442
1284.9606
1106.1349
765.0502
472.87268
388.63135
322.38074
384.45596
217.33798
275.18213
309.96817
308.29318
201.3542
718.50543
1127.1454
916.56116
699.3411
481.0676
351.89008
427.7081
297.36008
237.48787
278.67938
317.6374
343.57684
275.91293
723.7609
1162.2795
951.37964
583.21204
491.5355
310.02246
461.79977
244.40419
276.44415
363.34116
362.66254
273.8141
303.45108
800.3434
1106.5759
930.2959
562.20135
547.1442
259.69107
420.00534
248.87408
244.06929
263.70444
401.43997
304.57358
313.70956
1103.0735
1379.7709
879.85785
607.58124
500.35654
294.9929
476.8922
396.94836
367.85303
363.648
415.28647
232.91939
257.9797
1140.3213
1227.4126
778.9642
619.08984
498.90604
275.70587
362.91327
301.48724
320.08948
427.27585
407.51688
357.51584
391.86075
1289.5875
1225.2216
812.1405
596.1475
469.7588
311.81067
304.38632
288.43048
291.41714
397.7502
356.54987
300.47363
366.01718
1313.0128
1173.0673
794.1543
468.21484
359.3494
314.15503
323.96115
306.13297
212.94214
393.3707
393.01483
279.22437
386.81284
1454.4521
1111.0577
783.54254
616.26984
374.4018
312.40738
361.79584
322.96024
259.66055
377.91373
308.23492
280.14825
371.26352
1350.5361
1020.0041
773.35614
584.1709
333.84607
338.0762
334.6695
258.14203
401.6632
346.05185
287.661
273.944
421.54367
1091.8118
985.03125
647.3066
547.8456
401.43542
307.92822
375.28812
256.36514
364.09378
357.63037
258.4872
279.76746
463.61832
1173.3511
995.6757
788.1975
457.79132
424.74905
275.7789
461.45047
175.0507
285.16547
331.54202
269.08536
221.68268
529.82117
1149.1239
1001.78784
713.7579
453.60925
429.8069
324.39926
513.2333
414.7373
343.50546
281.9171
315.28308
217.72426
629.01904
1111.344
1012.3366
705.18256
443.5713
359.44275
377.38605
453.82394
410.3408
323.23987
302.26935
330.1587
246.24934
750.77924
1273.3718
924.7463
618.04016
456.50992
293.02463
419.5674
484.74554
317.22522
224.08664
368.11713
298.45596
261.77518
665.9159
1269.6874
898.5776
475.89124
509.47534
273.16708
491.40152
422.436
410.2979
345.38104
248.71436
278.25812
322.83203
830.72284
1226.6082
990.7955
564.9518
543.8139
292.53076
519.4405
249.0251
344.7976
269.00388
350.84006
298.8685
306.73178
882.4703
1301.3622
813.0311
597.68665
609.31616
264.87048
469.40906
340.94675
348.65186
409.2237
257.07242
454.29483
406.98663
920.3389
1217.5134
841.8891
532.36487
464.96744
290.95316
470.69693
309.4503
311.24484
330.6299
317.22113
238.87567
363.02768
930.44086
1204.3533
940.50323
535.9259
354.41782
304.8245
348.34723
347.06027
250.33347
323.16995
316.0795
298.11478
187.01492
82.345085
54.2119
30.687885
132.79228
85.1594
17.387005
288.78186
254.1901
299.4868
313.4653
317.21326
243.52454
133.07242
141.79993
65.66262
26.153942
128.29051
91.315346
28.845436
313.02274
187.45943
260.91965
292.80154
288.17618
192.13934
150.05414
114.939964
54.839485
48.779694
144.17857
92.320694
47.148342
228.19977
178.94603
245.17245
280.71143
275.89285
207.3567
137.39055
109.96181
106.82007
121.12581
90.51138
24.683144
30.040913
206.62183
137.50288
165.96185
377.99118
370.79276
224.64226
180.13391
96.766174
95.644585
98.02635
92.16047
26.017681
53.49093
305.91125
198.91902
208.51033
378.97906
341.95642
203.18567
169.70346
167.51982
53.895874
73.45281
105.48477
50.117958
70.827225
291.44604
257.06427
308.49054
327.82693
257.32343
211.74155
84.51361
96.67241
20.7708
65.417496
108.075455
63.24067
99.21396
196.51248
148.38113
331.93726
303.61362
261.1201
200.5237
92.79917
80.66704
103.33196
61.983013
75.461555
31.7288
196.11241
221.32687
142.48427
249.368
348.7738
234.30113
255.97359
121.86051
109.12007
50.068417
127.79082
264.01965
100.40109
287.4644
405.72897
266.5106
272.03452
243.87663
289.4019
279.74207
40.524662
71.01871
25.4601
92.72915
98.431305
21.462025
285.57376
366.1595
383.87433
304.9987
322.0608
365.47495
295.97562
74.275536
53.249687
38.547096
107.18067
105.46582
31.241072
308.96173
360.48587
210.96024
192.01826
454.05576
239.82619
242.60606
127.69337
104.76808
24.040195
69.08163
126.66681
30.450117
273.18082
363.0324
303.98996
236.88638
264.72565
222.51955
255.80418
133.08202
89.60261
26.65058
115.88851
74.74375
20.366467
183.0944
180.8967
217.75493
245.94809
288.78552
208.6066
127.81861
107.98928
49.51284
17.103447
121.996704
77.6141
13.944086
192.73071
191.62686
228.95767
265.59943
303.91544
248.481
141.33212
101.60752
50.174904
18.599552
82.6181
52.82032
43.541557
174.8396
198.80426
251.70099
278.44382
291.49884
210.65134
164.50047
61.615772
72.64257
63.71093
75.292404
22.11532
50.281883
169.79866
148.84087
181.5551
326.57718
275.82794
248.56548
169.34242
69.499855
24.95487
90.04152
139.16534
67.70794
58.66669
321.0335
240.8472
325.5478
343.11258
234.05641
170.7885
186.0711
149.66066
31.49016
89.52685
134.62276
54.236713
62.611893
337.58224
260.6944
292.36127
307.53085
247.4257
199.23633
143.11461
123.71663
40.712883
158.46312
142.36815
46.09473
56.440514
316.098
240.36153
328.6888
313.45367
264.64807
186.53036
161.38535
136.97594
119.24956
161.9566
103.461624
22.513765
117.66573
222.78584
182.40112
309.81436
453.5004
360.02533
239.59259
274.08948
170.61696
125.59536
154.4433
131.37788
109.662865
231.51291
311.02747
239.62263
261.29733
362.14563
326.31244
170.44829
264.9219
195.09741
59.62902
183.02248
144.8216
26.868519
233.6194
288.0537
269.41736
390.8352
382.8962
357.9801
333.6685
148.11314
62.690636
33.561756
159.573
110.10624
46.796726
236.98935
126.016975
229.13676
322.68552
316.1369
300.65918
194.59012
121.93979
87.73677
109.13445
67.7367
83.408554
28.467422
288.89386
107.84912
163.3014
337.31
274.61823
241.0957
148.44885
131.3458
104.53914
28.945112
64.33245
98.48423
18.185524
271.00235
415.55307
323.82175
244.82228
324.99374
210.5028
248.94724
100.019745
48.816563
13.340656
102.01684
88.45432
11.289832
286.62668
339.17224
313.1685
216.54895
404.61746
265.68695
182.71904
137.37675
92.06825
87.17989
110.90974
56.398014
42.56084
298.61383
392.13104
144.90451
168.49979
314.7517
255.35318
195.0867
148.8015
58.808308
30.509953
122.56297
98.36599
43.066742
308.29028
399.12683
274.8652
305.36987
329.08536
253.2016
278.31555
117.01981
74.47361
59.74586
113.5072
55.688572
66.828705
206.44057
143.92131
234.83337
302.7968
236.49472
207.25774
215.52998
73.29887
37.941177
71.351006
125.04438
38.252327
59.676575
222.63124
155.9658
262.86972
329.05746
297.25702
176.91006
233.74756
85.66914
50.634666
96.243996
88.17579
49.706024
63.31109
243.9156
167.94263
225.43816
311.74414
282.92398
208.25642
623.44086
968.925
848.90985
507.90344
928.9977
1047.9241
552.7262
994.15063
762.38544
461.8462
800.85345
1102.7827
502.9977
781.1219
1076.1969
813.831
523.4025
483.20984
273.03815
404.66324
255.40321
351.28867
258.29913
391.82733
275.90866
185.93011
966.5282
1235.1162
955.71606
542.1936
531.2743
247.41673
430.15256
285.23883
296.97998
305.03046
398.4674
247.0394
273.95093
1068.0524
1350.1044
799.00244
605.509
527.4444
258.20486
436.98163
325.14554
280.80414
328.43427
413.17953
235.41415
265.71658
1090.0487
1188.8523
717.7524
578.8136
479.6487
249.84227
391.71768
271.7055
208.54999
375.308
422.95523
239.64554
304.30994
1197.2224
1025.0603
824.08026
576.5946
375.85925
296.1169
359.4907
325.71317
247.94966
388.03198
353.83224
255.969
304.36035
1297.8656
1188.4799
780.39856
609.6432
365.28503
308.973
364.5359
328.38092
292.5612
407.00583
333.94418
243.70474
355.66278
1061.004
1122.6259
751.53937
552.7215
355.1464
341.00583
405.44308
254.5006
332.9072
382.59293
263.43265
262.8684
373.06354
1114.439
993.0589
789.7374
597.4112
334.55295
358.696
356.5944
270.83115
292.34167
331.80618
210.48271
263.87573
418.44257
1223.5317
1123.1704
664.7572
547.4211
396.4235
324.78427
526.4811
373.04053
330.71558
382.41464
239.82956
335.3071
526.2595
1167.8824
1134.5681
666.77576
510.60693
424.0174
300.55475
529.62634
385.74808
410.70517
292.21933
275.38837
288.3554
596.8706
1203.076
1091.807
782.9495
441.4597
419.9734
347.5165
542.1173
326.29382
187.48181
294.1695
350.70322
238.87471
663.70264
1233.8129
915.4879
593.7461
420.12366
387.3628
363.6046
507.63974
418.69394
291.7979
315.59915
324.82953
250.05411
685.0951
1145.6865
936.4324
626.31555
442.10803
363.44125
424.55124
253.96523
237.19821
307.49118
357.97626
264.85306
236.79996
770.35
1119.0316
919.94305
573.8831
543.7213
266.40176
461.98035
211.31148
235.75092
278.7866
396.24097
294.6383
302.69427
773.6713
1145.6385
854.88947
576.46655
513.11566
238.52896
464.99533
227.51392
343.50934
250.6964
345.60342
303.69012
302.9584
790.8781
1151.7367
811.3299
598.1461
501.91974
236.91203
453.20108
232.73418
252.576
313.7105
287.41022
315.45517
292.00565
1208.475
1095.1868
842.91864
600.58264
444.32483
276.205
387.0812
303.85706
324.67117
386.79095
329.20154
220.66347
281.2973
1331.9733
1178.1561
915.20795
543.00653
388.79172
310.0664
372.29855
295.8017
289.988
391.78378
316.83624
244.02272
355.8687
1390.5153
1235.0396
740.3004
627.5502
354.0216
318.47183
375.1277
327.96918
297.27966
399.8361
291.1241
249.26076
403.65683
1203.4036
1042.4937
753.23584
570.8733
334.9826
323.5379
355.85013
231.19412
259.42828
354.2766
360.20645
267.2845
449.4885
1392.9448
940.06854
667.2545
594.00494
366.27615
306.1828
361.05447
272.81964
292.77866
304.23508
308.4199
283.00305
504.5778
1463.7931
1086.5173
614.43286
527.3552
408.068
295.49695
372.40262
284.68558
388.9148
335.45224
323.77975
213.49573
409.8159
1230.0809
930.7923
570.6602
428.9334
464.99817
302.04514
372.7357
270.11685
350.19327
301.58533
323.851
219.06688
557.0508
1231.02
878.1676
793.2388
480.09317
381.0279
294.7536
405.54446
228.12714
278.7835
294.11624
302.08102
203.07063
653.4194
1281.131
1007.81866
677.2469
415.39624
346.51013
423.3656
493.06024
378.0944
295.6109
364.28247
266.6823
204.0122
730.263
1382.5292
874.80914
596.41315
501.91446
279.12314
430.48596
436.30243
423.83957
386.6251
284.449
297.16833
324.16165
687.1258
1316.8513
941.04254
655.43994
519.9186
258.4491
532.3777
399.30853
290.39072
275.2814
296.57672
273.29462
370.59097
826.51776
1157.2269
937.92444
540.9193
534.3901
240.04433
542.6446
401.0703
392.88306
354.91113
300.4372
279.71225
329.51358
863.93994
1280.6525
822.9269
571.40186
509.2315
256.79233
424.2375
271.1712
272.23386
355.56155
276.55847
232.49579
324.80313
894.6282
1051.1495
842.5977
635.73663
405.99713
328.3723
412.61996
254.94246
267.90298
348.6727
318.47766
251.1441
368.86703
919.86096
1165.8933
763.0669
566.1364
375.51596
308.57108
392.93463
321.93866
282.66177
307.36273
306.41592
239.11176
390.82776
1128.682
1086.093
825.5913
580.48474
298.5482
300.37604
387.37943
295.7553
232.07864
272.7479
340.08734
270.96487
466.66006
1335.7295
968.4652
705.66614
581.01697
376.71558
349.01056
349.66516
292.31012
404.93857
358.85126
271.39444
259.78928
479.83212
1451.5612
969.2207
655.7474
510.8598
416.1856
323.06824
350.73752
261.61478
377.21225
339.30762
321.01944
235.15483
585.8779
1481.1412
1045.1133
592.4358
499.47107
447.74536
293.508
358.14694
283.47644
389.29156
318.52075
311.10837
200.74135
649.2134
1397.1392
877.8814
683.8101
374.2978
408.0638
278.92474
378.62222
261.7969
302.50412
330.4333
422.18066
205.51346
693.7452
1366.6814
913.71045
746.8858
422.15823
365.37137
300.28387
386.9954
301.70117
262.22366
362.7819
339.7764
199.88615
882.7436
1386.642
972.0862
620.6298
469.4431
334.321
432.98593
307.7603
346.45612
297.79202
390.109
297.17575
195.53671
758.41675
1191.5115
912.5464
542.9657
514.19495
259.85263
411.6191
321.61566
326.72745
318.27222
345.36566
255.11664
245.28366
792.8974
1185.6581
817.95233
592.0747
521.96954
216.98264
469.8734
241.21228
230.49254
245.2552
380.84253
242.61383
249.97212
937.91516
1288.4939
829.7885
553.16724
546.6842
225.05322
476.4614
481.99448
410.5577
313.8433
353.10333
271.61127
325.97366
965.90674
1142.3604
826.80884
564.22156
452.71774
258.88516
429.00204
457.363
371.99478
306.11642
404.87192
236.56425
351.04407
1000.8079
1219.9456
798.39075
520.8418
422.3109
303.14417
489.7798
400.67206
235.14195
246.45815
371.0966
272.16818
375.26743
1063.3113
1002.66364
701.2532
542.58746
328.65067
318.9423
486.6433
379.47708
380.21216
277.4839
339.15207
284.79654
380.1432
1035.4543
1092.8528
686.90283
625.87524
348.23007
347.2847
284.72086
293.46405
299.80594
290.26706
276.28867
234.03711
474.72482
1161.0991
1022.3217
672.8637
669.2872
390.61676
339.19022
283.888
238.02669
335.4328
284.0203
336.22284
266.47836
563.2119
1099.5135
950.8927
577.81415
540.53595
437.80136
296.82043
326.14233
229.85545
331.87622
334.93567
260.31714
237.82578
571.3993
1331.304
848.81384
706.54614
416.45142
424.28098
309.06345
368.5283
258.70053
242.56401
400.27353
346.2625
160.84653
772.26373
1188.5178
634.1936
693.7153
431.23914
372.18933
242.62607
381.8909
350.0992
301.43423
373.94818
331.5326
192.22896
787.19476
1171.9465
842.2236
591.80945
408.255
337.1521
349.07278
317.4695
344.9364
260.2922
371.5688
332.30615
195.2666
937.8866
1354.0857
788.4997
576.07196
506.69107
285.19168
361.6958
276.74478
307.37347
312.07056
286.67828
238.01799
221.37125
917.1482
1026.5432
710.47784
504.9705
464.46417
228.4404
391.77533
305.35898
249.94902
305.08902
371.1366
337.7338
217.49979
999.38354
1090.6521
687.0047
517.1959
448.37277
206.84033
412.1197
337.11856
218.35838
284.5856
388.1337
326.9203
249.6204
1128.8636
1102.7422
673.64557
612.0645
498.2278
264.2359
409.9163
313.92087
296.1033
355.1271
326.0313
215.16841
325.3476
847.3404
1053.3447
774.7322
540.0135
427.89957
303.32648
458.84583
238.23749
292.97623
367.21445
275.27655
245.22652
283.661
1007.0166
971.62335
684.33124
492.04343
402.6538
297.30637
504.31943
340.61807
265.82205
392.62122
260.52252
246.22966
405.7634
990.5651
985.227
611.9705
589.8354
378.39673
309.04456
451.09457
487.30927
351.97232
270.78287
381.07794
295.52475
342.99792
1074.2631
826.0721
623.61444
463.76736
367.34088
356.41788
378.71426
399.00827
349.8674
325.50974
347.36954
293.95026
476.76886
1082.5449
964.4778
575.8954
530.75146
416.61978
319.0389
398.3242
338.90485
207.43225
299.36713
281.3198
277.22183
552.39355
1102.861
1038.9072
564.28
511.171
387.49698
316.81708
463.6681
352.26566
387.81467
271.1352
263.74588
295.74484
541.2339
1036.2051
649.9548
583.57263
351.27872
361.61884
289.5095
358.5678
245.60588
287.94193
327.1368
352.29666
162.44731
662.8498
1043.5085
811.59875
689.7407
452.39996
363.20612
291.0091
315.65436
188.3192
280.23822
314.79202
319.02618
251.84512
630.38947
910.1556
706.3623
489.8426
394.8119
303.39294
379.434
196.1825
264.55716
246.00623
367.3327
284.8709
276.17093
638.5228
918.81964
730.91986
451.42984
480.74252
252.53851
388.69095
202.65088
250.77608
220.67435
386.3074
298.78906
261.7131
35.582943
55.782703
112.12122
94.27258
116.78388
65.02914
81.64256
107.38652
70.57432
91.59792
70.94552
178.84117
67.8646
117.02581
95.180435
125.67506
127.61075
74.33499
80.149376
83.11414
70.39546
101.81919
97.66532
156.62854
57.058224
104.37814
56.62756
132.48288
110.83002
68.91936
96.336365
54.210846
69.89949
55.430344
73.40285
77.8379
78.371506
105.33242
79.13961
51.295513
86.29808
55.660202
51.176575
63.04784
62.43923
64.657745
54.045208
73.77796
66.42909
50.703804
100.00307
54.098312
62.83849
44.526337
33.078457
49.669807
34.959568
38.202072
47.560535
58.266983
67.90444
20.872574
67.256386
41.368813
42.630722
39.352665
31.568937
39.89573
28.030825
34.177746
29.351894
39.320644
40.7911
28.747463
40.393402
32.100544
35.402184
27.828018
44.271923
30.447216
27.131824
30.058142
22.82043
35.524357
31.444845
25.688644
16.23071
26.391415
16.334858
20.652168
14.682489
18.791752
27.583181
21.127884
28.30506
14.14366
17.701262
21.381437
21.246908
17.227642
17.10218
9.763089
13.229092
8.868763
13.878668
29.545666
20.967398
31.674076
17.000618
17.85532
21.155708
37.70843
15.0011635
14.458285
8.446744
12.604389
10.742598
8.872202
15.9151945
18.819984
24.024073
26.448885
19.025988
23.76276
23.220049
28.2902
26.463951
24.955915
15.534793
17.633268
16.37457
14.672534
15.529317
10.837034
12.922859
11.337693
14.3818865
19.510233
14.866905
16.485867
28.192406
20.460052
13.825953
15.955383
8.737195
11.723616
7.036264
5.731483
5.8163333
8.904005
13.816782
17.419434
21.90107
26.156614
29.335693
18.970722
19.340128
14.147014
10.801003
10.124246
7.9718494
10.767609
8.997234
11.842865
15.727679
17.670538
10.234887
9.520845
15.43791
8.709414
13.926668
7.8743944
9.416631
12.052276
10.889441
11.176759
7.060975
13.624097
15.401581
26.716663
22.622978
28.64315
30.8909
11.870352
20.262466
13.5269575
13.673237
10.719159
8.189565
7.3680296
9.273599
12.5672865
9.460706
9.147089
7.3243995
10.348302
17.553736
5.9782467
22.28576
4.4778957
9.083103
9.118723
12.525361
13.133735
11.860041
17.184395
7.1689053
17.020641
10.698717
10.622006
13.986811
17.78957
11.919004
11.935503
7.91232
5.708722
8.0224285
9.475468
16.035252
15.716713
26.957981
13.520393
16.862204
17.56356
10.731796
16.532887
10.800297
11.967723
10.686348
5.9018984
7.0449347
6.691942
8.6376095
12.617499
14.749396
15.310727
14.9089365
12.170384
7.9799485
7.884629
5.9905214
7.8667874
6.9967604
4.264119
5.8436117
4.026691
7.018601
10.148335
15.958794
12.986258
12.780552
10.548071
15.695925
15.996845
21.228426
18.461966
15.757442
9.751313
3.4567301
3.882788
5.024905
5.79328
7.423748
19.77862
17.325453
20.508722
6.1535435
6.1453648
5.9021583
3.2524729
3.8431194
3.1697245
3.5475867
3.5827775
1.9043574
5.2324185
2.2871554
2.578849
2.036889
0.9379061
1.2136457
1.047096
0.89781404
1.1004429
1.3385181
1.342217
0.938112
1.5422727
2.0333016
0.8646678
2.6395092
1.0357844
1.3124795
1.1089635
0.82491285
0.71674335
0.5977263
0.47856203
0.48330414
0.60849017
0.28345042
0.36619464
0.34400833
0.15274085
0.32784605
0.33119556
0.22019315
0.20516878
0.17875515
0.27886477
0.21555491
0.22467808
0.2201725
0.13965932
0.30846894
0.15516812
0.20772485
0.18641777
0.10870764
0.17643526
0.106147744
0.07901609
0.06195471
0.09362527
0.048371524
0.05772065
0.036870297
0.022638364
0.045287605
0.05894367
0.034639888
0.040381677
0.05286588
0.059947822
0.036890067
0.048563212
0.0466713
0.03465455
0.043901637
0.021823457
0.041283667
0.024481837
0.011302606
0.018427974
0.011966706
0.009408453
0.0050099674
0.0061573293
0.005238436
0.0046057054
0.0046284366
0.0026310298
0.0034392031
0.0033785456
0.0019256168
0.0027603554
0.001632928
0.0021341972
0.002026041
0.001974863
0.0013342303
0.0008086687
